Date,Open,High,Low,Close,Adj Close,Volume
2016-10-11,5.059999942779541,5.590000152587891,4.869999885559082,4.980000019073486,4.980000019073486,115800
2016-10-12,5.010000228881836,5.480000019073486,5.0,5.480000019073486,5.480000019073486,124200
2016-10-13,5.550000190734863,5.599999904632568,5.119999885559082,5.150000095367432,5.150000095367432,45900
2016-10-14,5.340000152587891,5.349999904632568,5.011000156402588,5.260000228881836,5.260000228881836,78300
2016-10-17,5.269999980926514,5.340000152587891,5.0,5.010000228881836,5.010000228881836,121300
2016-10-18,5.099999904632568,5.139999866485596,3.9800000190734863,4.96999979019165,4.96999979019165,47100
2016-10-19,5.0,5.043000221252441,4.849999904632568,4.949999809265137,4.949999809265137,34600
2016-10-20,4.900000095367432,5.0,4.900000095367432,5.0,5.0,15100
2016-10-21,4.993000030517578,5.0,4.949999809265137,4.980000019073486,4.980000019073486,18800
2016-10-24,4.9629998207092285,5.050000190734863,4.951000213623047,5.0,5.0,4700
2016-10-25,4.960000038146973,4.98799991607666,4.949999809265137,4.980000019073486,4.980000019073486,6500
2016-10-26,5.0,5.043000221252441,5.0,5.0,5.0,16800
2016-10-27,5.079999923706055,5.085000038146973,5.0,5.0,5.0,3100
2016-10-28,5.090000152587891,5.090000152587891,4.949999809265137,4.949999809265137,4.949999809265137,5600
2016-10-31,4.869999885559082,5.070000171661377,4.849999904632568,5.070000171661377,5.070000171661377,3200
2016-11-01,5.03000020980835,5.039999961853027,5.03000020980835,5.039999961853027,5.039999961853027,200
2016-11-02,4.849999904632568,5.0,4.75,5.0,5.0,4000
2016-11-03,5.0,5.0,5.0,5.0,5.0,0
2016-11-04,4.900000095367432,4.900000095367432,4.75,4.75,4.75,1000
2016-11-07,4.880000114440918,4.880000114440918,4.880000114440918,4.880000114440918,4.880000114440918,500
2016-11-08,4.96999979019165,4.989999771118164,4.96999979019165,4.96999979019165,4.96999979019165,300
2016-11-09,4.75,4.760000228881836,4.75,4.75,4.75,1000
2016-11-10,4.75,4.980000019073486,4.5,4.739999771118164,4.739999771118164,8100
2016-11-11,4.849999904632568,4.849999904632568,4.539999961853027,4.539999961853027,4.539999961853027,2800
2016-11-14,4.506999969482422,4.744999885559082,4.5,4.630000114440918,4.630000114440918,17600
2016-11-15,4.699999809265137,4.699999809265137,4.5,4.630000114440918,4.630000114440918,10600
2016-11-16,4.699999809265137,4.883999824523926,4.5,4.625,4.625,20200
2016-11-17,4.800000190734863,4.97599983215332,4.650000095367432,4.650000095367432,4.650000095367432,4900
2016-11-18,4.650000095367432,4.679999828338623,4.5,4.679999828338623,4.679999828338623,16000
2016-11-21,4.639999866485596,4.639999866485596,3.930000066757202,4.300000190734863,4.300000190734863,40100
2016-11-22,4.570000171661377,4.900000095367432,4.0,4.289999961853027,4.289999961853027,37300
2016-11-23,4.21999979019165,4.230000019073486,4.0,4.150000095367432,4.150000095367432,12500
2016-11-25,4.170000076293945,4.460000038146973,4.168000221252441,4.460000038146973,4.460000038146973,14400
2016-11-28,4.4120001792907715,4.760000228881836,4.052000045776367,4.099999904632568,4.099999904632568,19700
2016-11-29,4.25,4.25,4.010000228881836,4.010000228881836,4.010000228881836,6200
2016-11-30,4.099999904632568,4.199999809265137,4.0,4.199999809265137,4.199999809265137,9100
2016-12-01,4.389999866485596,4.400000095367432,4.050000190734863,4.09499979019165,4.09499979019165,9200
2016-12-02,4.110000133514404,4.110000133514404,4.110000133514404,4.110000133514404,4.110000133514404,300
2016-12-05,4.050000190734863,4.400000095367432,4.0,4.25,4.25,19600
2016-12-06,4.400000095367432,4.900000095367432,4.300000190734863,4.355000019073486,4.355000019073486,30900
2016-12-07,4.493000030517578,4.493000030517578,4.400000095367432,4.428999900817871,4.428999900817871,3400
2016-12-08,4.559999942779541,4.630000114440918,4.130000114440918,4.590000152587891,4.590000152587891,47200
2016-12-09,4.769999980926514,4.849999904632568,4.28000020980835,4.550000190734863,4.550000190734863,18700
2016-12-12,4.519999980926514,4.849999904632568,4.190000057220459,4.5,4.5,34600
2016-12-13,4.679999828338623,4.730000019073486,4.329999923706055,4.519999980926514,4.519999980926514,27800
2016-12-14,4.550000190734863,4.599999904632568,4.46999979019165,4.510000228881836,4.510000228881836,4000
2016-12-15,4.53000020980835,4.550000190734863,4.21999979019165,4.400000095367432,4.400000095367432,6200
2016-12-16,4.150000095367432,4.230000019073486,3.9600000381469727,3.9600000381469727,3.9600000381469727,30100
2016-12-19,4.21999979019165,4.21999979019165,4.019999980926514,4.03000020980835,4.03000020980835,2200
2016-12-20,4.099999904632568,4.099999904632568,4.0,4.0,4.0,6000
2016-12-21,4.099999904632568,4.928999900817871,4.026000022888184,4.191999912261963,4.191999912261963,37600
2016-12-22,4.340000152587891,4.449999809265137,4.050000190734863,4.25,4.25,9200
2016-12-23,4.119999885559082,4.243000030517578,4.050000190734863,4.090000152587891,4.090000152587891,6400
2016-12-27,4.090000152587891,4.090000152587891,4.0,4.050000190734863,4.050000190734863,7400
2016-12-28,4.019999980926514,4.370999813079834,4.0,4.039999961853027,4.039999961853027,6800
2016-12-29,4.5,4.5,4.039999961853027,4.349999904632568,4.349999904632568,10500
2016-12-30,4.349999904632568,4.822000026702881,4.349999904632568,4.739999771118164,4.739999771118164,5800
2017-01-03,4.429999828338623,4.59499979019165,4.25,4.25,4.25,5500
2017-01-04,4.130000114440918,4.269999980926514,4.090000152587891,4.25,4.25,13300
2017-01-05,4.449999809265137,4.960000038146973,4.25,4.650000095367432,4.650000095367432,22100
2017-01-06,4.75,4.75,4.675000190734863,4.699999809265137,4.699999809265137,6400
2017-01-09,5.0,5.0,4.849999904632568,4.9629998207092285,4.9629998207092285,4400
2017-01-10,4.989999771118164,4.989999771118164,4.849999904632568,4.989999771118164,4.989999771118164,7300
2017-01-11,4.966000080108643,4.966000080108643,4.710000038146973,4.710000038146973,4.710000038146973,4200
2017-01-12,4.710000038146973,4.809000015258789,4.25,4.400000095367432,4.400000095367432,11800
2017-01-13,4.670000076293945,4.670000076293945,4.429999828338623,4.630000114440918,4.630000114440918,700
2017-01-17,4.388999938964844,4.5,4.329999923706055,4.349999904632568,4.349999904632568,18400
2017-01-18,4.349999904632568,4.616000175476074,4.320000171661377,4.320000171661377,4.320000171661377,1100
2017-01-19,4.355000019073486,4.5370001792907715,4.320000171661377,4.320000171661377,4.320000171661377,1100
2017-01-20,4.5,4.679999828338623,4.46999979019165,4.559999942779541,4.559999942779541,3600
2017-01-23,4.980000019073486,4.980000019073486,4.320000171661377,4.349999904632568,4.349999904632568,1700
2017-01-24,4.310999870300293,4.353000164031982,4.310999870300293,4.353000164031982,4.353000164031982,1200
2017-01-25,4.449999809265137,4.449999809265137,4.449999809265137,4.449999809265137,4.449999809265137,100
2017-01-26,4.46999979019165,4.650000095367432,4.46999979019165,4.650000095367432,4.650000095367432,3900
2017-01-27,4.900000095367432,4.980000019073486,4.611999988555908,4.75,4.75,14400
2017-01-30,4.909999847412109,4.909999847412109,4.5,4.5,4.5,9000
2017-01-31,4.5,4.5,4.380000114440918,4.380000114440918,4.380000114440918,1300
2017-02-01,4.482999801635742,4.482999801635742,4.482999801635742,4.482999801635742,4.482999801635742,100
2017-02-02,4.489999771118164,4.489999771118164,4.432000160217285,4.440000057220459,4.440000057220459,4100
2017-02-03,4.489999771118164,4.550000190734863,4.420000076293945,4.480000019073486,4.480000019073486,6100
2017-02-06,4.559999942779541,4.590000152587891,4.25,4.25,4.25,23900
2017-02-07,4.25,4.25,4.0,4.0,4.0,13400
2017-02-08,4.0,4.099999904632568,4.0,4.0,4.0,6400
2017-02-09,4.050000190734863,4.050000190734863,4.047999858856201,4.047999858856201,4.047999858856201,1000
2017-02-10,4.050000190734863,4.050000190734863,4.050000190734863,4.050000190734863,4.050000190734863,100
2017-02-13,4.050000190734863,4.050000190734863,4.050000190734863,4.050000190734863,4.050000190734863,0
2017-02-14,4.059999942779541,4.236000061035156,4.050000190734863,4.236000061035156,4.236000061035156,4900
2017-02-15,4.230000019073486,4.265999794006348,4.0,4.090000152587891,4.090000152587891,15600
2017-02-16,4.099999904632568,4.099999904632568,4.099999904632568,4.099999904632568,4.099999904632568,400
2017-02-17,4.050000190734863,4.173999786376953,4.050000190734863,4.139999866485596,4.139999866485596,1700
2017-02-21,4.139999866485596,4.159999847412109,4.0,4.139999866485596,4.139999866485596,14900
2017-02-22,4.110000133514404,4.110000133514404,4.010000228881836,4.010000228881836,4.010000228881836,5400
2017-02-23,4.073999881744385,4.130000114440918,4.031000137329102,4.039999961853027,4.039999961853027,5200
2017-02-24,4.010000228881836,4.300000190734863,4.010000228881836,4.190000057220459,4.190000057220459,63600
2017-02-27,4.159999847412109,4.5,4.159999847412109,4.289999961853027,4.289999961853027,65000
2017-02-28,4.24399995803833,4.289999961853027,4.130000114440918,4.150000095367432,4.150000095367432,18200
2017-03-01,4.169000148773193,4.175000190734863,4.03000020980835,4.119999885559082,4.119999885559082,13200
2017-03-02,4.150000095367432,4.300000190734863,4.039999961853027,4.079999923706055,4.079999923706055,24500
2017-03-03,4.098999977111816,4.098999977111816,4.019999980926514,4.079999923706055,4.079999923706055,11700
2017-03-06,4.03000020980835,4.300000190734863,4.03000020980835,4.139999866485596,4.139999866485596,34900
2017-03-07,4.139999866485596,4.300000190734863,4.050000190734863,4.170000076293945,4.170000076293945,32700
2017-03-08,4.150000095367432,4.210000038146973,4.068999767303467,4.119999885559082,4.119999885559082,18600
2017-03-09,4.099999904632568,4.158999919891357,4.010000228881836,4.010000228881836,4.010000228881836,23200
2017-03-10,4.090000152587891,4.090000152587891,4.090000152587891,4.090000152587891,4.090000152587891,1000
2017-03-13,4.079999923706055,4.099999904632568,4.0,4.086999893188477,4.086999893188477,28500
2017-03-14,4.039999961853027,4.039999961853027,3.5840001106262207,3.7200000286102295,3.7200000286102295,11300
2017-03-15,3.8499999046325684,3.9000000953674316,3.740000009536743,3.859999895095825,3.859999895095825,10000
2017-03-16,3.869999885559082,3.869999885559082,3.740000009536743,3.809999942779541,3.809999942779541,13500
2017-03-17,3.740000009536743,3.7899999618530273,3.7200000286102295,3.7769999504089355,3.7769999504089355,21800
2017-03-20,3.880000114440918,3.890000104904175,3.763000011444092,3.7899999618530273,3.7899999618530273,2600
2017-03-21,3.75,3.75,3.640000104904175,3.640000104904175,3.640000104904175,6500
2017-03-22,3.5250000953674316,3.5999999046325684,3.440000057220459,3.5999999046325684,3.5999999046325684,10100
2017-03-23,3.5199999809265137,3.566999912261963,3.5,3.566999912261963,3.566999912261963,10700
2017-03-24,3.5299999713897705,3.6600000858306885,3.5299999713897705,3.630000114440918,3.630000114440918,9300
2017-03-27,3.753999948501587,3.799999952316284,3.6500000953674316,3.799999952316284,3.799999952316284,11500
2017-03-28,3.7899999618530273,4.289999961853027,3.7839999198913574,4.010000228881836,4.010000228881836,29400
2017-03-29,4.090000152587891,4.090000152587891,3.819999933242798,3.9000000953674316,3.9000000953674316,10300
2017-03-30,3.9000000953674316,3.9000000953674316,3.9000000953674316,3.9000000953674316,3.9000000953674316,0
2017-03-31,3.7200000286102295,3.990000009536743,3.700000047683716,3.8589999675750732,3.8589999675750732,12800
2017-04-03,3.8559999465942383,3.8559999465942383,3.7200000286102295,3.7679998874664307,3.7679998874664307,8100
2017-04-04,4.079999923706055,4.079999923706055,3.799999952316284,3.9700000286102295,3.9700000286102295,11000
2017-04-05,3.869999885559082,4.179999828338623,3.808000087738037,3.9800000190734863,3.9800000190734863,15700
2017-04-06,4.0,4.0,3.859999895095825,3.950000047683716,3.950000047683716,4900
2017-04-07,3.75,3.950000047683716,3.700000047683716,3.946000099182129,3.946000099182129,11300
2017-04-10,4.039999961853027,4.039999961853027,3.7100000381469727,3.8499999046325684,3.8499999046325684,17500
2017-04-11,4.0,4.131999969482422,3.878999948501587,3.9730000495910645,3.9730000495910645,13300
2017-04-12,4.0,4.199999809265137,3.6500000953674316,4.019999980926514,4.019999980926514,22900
2017-04-13,4.039999961853027,4.039999961853027,3.450000047683716,3.7300000190734863,3.7300000190734863,93700
2017-04-17,3.9000000953674316,4.199999809265137,3.75,4.099999904632568,4.099999904632568,61300
2017-04-18,4.039999961853027,4.130000114440918,3.990000009536743,4.0,4.0,26500
2017-04-19,3.990000009536743,4.0929999351501465,3.9100000858306885,4.0,4.0,14400
2017-04-20,4.019999980926514,4.019999980926514,3.930000066757202,3.9700000286102295,3.9700000286102295,6600
2017-04-21,3.940000057220459,4.0,3.700000047683716,4.0,4.0,21700
2017-04-24,3.990000009536743,4.0,3.7809998989105225,3.8399999141693115,3.8399999141693115,35500
2017-04-25,3.8399999141693115,3.8399999141693115,3.4730000495910645,3.509999990463257,3.509999990463257,95700
2017-04-26,3.509999990463257,3.7939999103546143,3.490000009536743,3.549999952316284,3.549999952316284,20200
2017-04-27,3.549999952316284,3.569999933242798,3.490000009536743,3.509999990463257,3.509999990463257,22200
2017-04-28,3.549999952316284,4.0,3.369999885559082,3.9000000953674316,3.9000000953674316,44500
2017-05-01,3.9100000858306885,3.9100000858306885,3.5399999618530273,3.5999999046325684,3.5999999046325684,29700
2017-05-02,3.549999952316284,4.0,3.5,3.9000000953674316,3.9000000953674316,82400
2017-05-03,3.859999895095825,4.0,3.5199999809265137,3.75,3.75,23500
2017-05-04,3.990000009536743,3.990000009536743,3.5399999618530273,3.5799999237060547,3.5799999237060547,14600
2017-05-05,3.75,3.75,3.5299999713897705,3.5299999713897705,3.5299999713897705,4700
2017-05-08,3.5799999237060547,3.809999942779541,3.5799999237060547,3.690000057220459,3.690000057220459,13200
2017-05-09,3.690000057220459,3.88100004196167,3.680000066757202,3.690000057220459,3.690000057220459,8300
2017-05-10,3.7899999618530273,3.815000057220459,3.25,3.4200000762939453,3.4200000762939453,38900
2017-05-11,3.5299999713897705,3.634000062942505,3.4000000953674316,3.4200000762939453,3.4200000762939453,21800
2017-05-12,3.4200000762939453,3.5299999713897705,3.380000114440918,3.5299999713897705,3.5299999713897705,51000
2017-05-15,3.549999952316284,3.630000114440918,3.4000000953674316,3.630000114440918,3.630000114440918,9000
2017-05-16,3.5,3.697999954223633,3.490000009536743,3.6500000953674316,3.6500000953674316,21000
2017-05-17,3.5999999046325684,3.630000114440918,3.4000000953674316,3.4649999141693115,3.4649999141693115,26900
2017-05-18,3.490000009536743,3.5,3.4800000190734863,3.4800000190734863,3.4800000190734863,1200
2017-05-19,3.559999942779541,3.5999999046325684,3.4800000190734863,3.5999999046325684,3.5999999046325684,5000
2017-05-22,3.565999984741211,3.630000114440918,3.4600000381469727,3.630000114440918,3.630000114440918,17400
2017-05-23,3.559999942779541,3.5950000286102295,3.549999952316284,3.5899999141693115,3.5899999141693115,6500
2017-05-24,3.6449999809265137,3.8399999141693115,3.5899999141693115,3.6700000762939453,3.6700000762939453,11600
2017-05-25,3.700000047683716,3.75,3.6700000762939453,3.75,3.75,36400
2017-05-26,3.7200000286102295,3.740000009536743,3.680000066757202,3.740000009536743,3.740000009536743,14800
2017-05-30,3.759999990463257,3.759999990463257,3.619999885559082,3.700000047683716,3.700000047683716,22900
2017-05-31,3.7820000648498535,3.7820000648498535,3.5,3.509999990463257,3.509999990463257,22000
2017-06-01,3.5199999809265137,3.6500000953674316,3.5,3.5799999237060547,3.5799999237060547,34600
2017-06-02,3.700000047683716,3.7899999618530273,3.5799999237060547,3.7699999809265137,3.7699999809265137,21700
2017-06-05,3.7699999809265137,3.7799999713897705,3.5,3.7200000286102295,3.7200000286102295,30200
2017-06-06,3.619999885559082,3.690000057220459,3.4800000190734863,3.6600000858306885,3.6600000858306885,34500
2017-06-07,3.6059999465942383,3.8499999046325684,3.5999999046325684,3.619999885559082,3.619999885559082,18000
2017-06-08,3.6700000762939453,4.039999961853027,3.549999952316284,4.039999961853027,4.039999961853027,36600
2017-06-09,3.9800000190734863,4.050000190734863,3.8399999141693115,3.990000009536743,3.990000009536743,44500
2017-06-12,3.9000000953674316,4.010000228881836,3.75,3.7699999809265137,3.7699999809265137,15700
2017-06-13,3.7699999809265137,3.8499999046325684,3.549999952316284,3.7899999618530273,3.7899999618530273,40700
2017-06-14,3.7300000190734863,3.819999933242798,3.5999999046325684,3.619999885559082,3.619999885559082,27100
2017-06-15,3.549999952316284,3.690000057220459,3.549999952316284,3.619999885559082,3.619999885559082,11000
2017-06-16,3.6700000762939453,3.7200000286102295,3.4600000381469727,3.4600000381469727,3.4600000381469727,29300
2017-06-19,3.5,3.5840001106262207,3.25,3.549999952316284,3.549999952316284,10400
2017-06-20,3.509999990463257,3.559999942779541,3.5,3.5399999618530273,3.5399999618530273,9200
2017-06-21,3.509999990463257,3.640000104904175,3.500999927520752,3.609999895095825,3.609999895095825,15100
2017-06-22,3.549999952316284,3.630000114440918,3.5,3.5799999237060547,3.5799999237060547,27000
2017-06-23,3.5999999046325684,3.9000000953674316,3.5,3.9000000953674316,3.9000000953674316,44200
2017-06-26,3.7899999618530273,3.990000009536743,3.7090001106262207,3.7899999618530273,3.7899999618530273,12900
2017-06-27,3.609999895095825,4.090000152587891,3.5999999046325684,4.0,4.0,52600
2017-06-28,4.039999961853027,4.133999824523926,3.9200000762939453,4.03000020980835,4.03000020980835,55700
2017-06-29,3.9800000190734863,4.079999923706055,3.75,3.9600000381469727,3.9600000381469727,4000
2017-06-30,3.950000047683716,4.019999980926514,3.950000047683716,4.019999980926514,4.019999980926514,18500
2017-07-03,4.039999961853027,4.039999961853027,3.819999933242798,3.9200000762939453,3.9200000762939453,3500
2017-07-05,3.7869999408721924,3.9600000381469727,3.75,3.8399999141693115,3.8399999141693115,23300
2017-07-06,3.869999885559082,4.0,3.7139999866485596,3.799999952316284,3.799999952316284,94300
2017-07-07,3.8989999294281006,3.990000009536743,3.680000066757202,3.680000066757202,3.680000066757202,38600
2017-07-10,3.690000057220459,3.950000047683716,3.609999895095825,3.619999885559082,3.619999885559082,32600
2017-07-11,3.690000057220459,3.8499999046325684,3.4700000286102295,3.4700000286102295,3.4700000286102295,32000
2017-07-12,3.5,3.7300000190734863,3.440000057220459,3.559999942779541,3.559999942779541,20700
2017-07-13,3.7100000381469727,3.7300000190734863,3.430000066757202,3.5,3.5,18800
2017-07-14,3.4800000190734863,3.680000066757202,3.450000047683716,3.619999885559082,3.619999885559082,14600
2017-07-17,3.5999999046325684,3.7200000286102295,3.4100000858306885,3.5399999618530273,3.5399999618530273,43400
2017-07-18,3.5399999618530273,3.5899999141693115,3.2699999809265137,3.2699999809265137,3.2699999809265137,48300
2017-07-19,3.4000000953674316,3.4000000953674316,3.069999933242798,3.25,3.25,39600
2017-07-20,3.2899999618530273,3.4800000190734863,3.2269999980926514,3.440000057220459,3.440000057220459,17900
2017-07-21,3.4000000953674316,3.990000009536743,3.4000000953674316,3.799999952316284,3.799999952316284,27400
2017-07-24,3.8499999046325684,4.400000095367432,3.799999952316284,4.110000133514404,4.110000133514404,104000
2017-07-25,4.369999885559082,4.75,4.116000175476074,4.599999904632568,4.599999904632568,74900
2017-07-26,4.639999866485596,4.900000095367432,4.639999866485596,4.860000133514404,4.860000133514404,42500
2017-07-27,4.814000129699707,4.855000019073486,4.320000171661377,4.550000190734863,4.550000190734863,42500
2017-07-28,4.550000190734863,4.769999980926514,4.25,4.28000020980835,4.28000020980835,26700
2017-07-31,4.179999828338623,4.599999904632568,4.090000152587891,4.389999866485596,4.389999866485596,25400
2017-08-01,4.480000019073486,4.590000152587891,4.070000171661377,4.460000038146973,4.460000038146973,41000
2017-08-02,4.539999961853027,4.539999961853027,4.090000152587891,4.440000057220459,4.440000057220459,33400
2017-08-03,4.210000038146973,4.489999771118164,4.139999866485596,4.159999847412109,4.159999847412109,34400
2017-08-04,4.309999942779541,4.480000019073486,4.119999885559082,4.25,4.25,22200
2017-08-07,4.099999904632568,4.480000019073486,4.099999904632568,4.260000228881836,4.260000228881836,20000
2017-08-08,4.329999923706055,4.385000228881836,4.119999885559082,4.349999904632568,4.349999904632568,24400
2017-08-09,4.340000152587891,4.340000152587891,4.119999885559082,4.190000057220459,4.190000057220459,16600
2017-08-10,4.179999828338623,4.179999828338623,3.9100000858306885,3.930000066757202,3.930000066757202,5900
2017-08-11,3.75,4.0,3.690000057220459,3.859999895095825,3.859999895095825,23600
2017-08-14,3.6059999465942383,4.0,3.6059999465942383,3.799999952316284,3.799999952316284,30400
2017-08-15,3.8499999046325684,4.0,3.5899999141693115,3.799999952316284,3.799999952316284,29500
2017-08-16,4.019999980926514,4.019999980926514,3.6700000762939453,3.759999990463257,3.759999990463257,21400
2017-08-17,3.7899999618530273,3.950000047683716,3.619999885559082,3.819999933242798,3.819999933242798,21800
2017-08-18,3.799999952316284,3.9800000190734863,3.4000000953674316,3.7100000381469727,3.7100000381469727,74000
2017-08-21,3.75,3.9200000762939453,3.6500000953674316,3.7100000381469727,3.7100000381469727,37600
2017-08-22,3.809999942779541,3.9000000953674316,3.6019999980926514,3.6700000762939453,3.6700000762939453,21500
2017-08-23,3.700000047683716,3.7899999618530273,3.5299999713897705,3.5999999046325684,3.5999999046325684,38500
2017-08-24,3.555999994277954,3.880000114440918,3.5299999713897705,3.869999885559082,3.869999885559082,65000
2017-08-25,3.7699999809265137,4.0,3.450000047683716,3.559999942779541,3.559999942779541,113700
2017-08-28,3.5999999046325684,3.640000104904175,3.3499999046325684,3.3499999046325684,3.3499999046325684,42300
2017-08-29,3.3499999046325684,3.700000047683716,3.259999990463257,3.6500000953674316,3.6500000953674316,62700
2017-08-30,3.6500000953674316,3.8399999141693115,3.5,3.7799999713897705,3.7799999713897705,9300
2017-08-31,3.759999990463257,3.9000000953674316,3.5999999046325684,3.700000047683716,3.700000047683716,32200
2017-09-01,3.700000047683716,3.8299999237060547,3.700000047683716,3.8299999237060547,3.8299999237060547,2500
2017-09-05,3.9000000953674316,4.139999866485596,3.8399999141693115,4.050000190734863,4.050000190734863,36200
2017-09-06,3.990000009536743,4.480000019073486,3.990000009536743,4.480000019073486,4.480000019073486,98500
2017-09-07,4.46999979019165,4.5,4.070000171661377,4.489999771118164,4.489999771118164,95500
2017-09-08,4.380000114440918,4.579999923706055,4.230000019073486,4.449999809265137,4.449999809265137,69100
2017-09-11,4.5,4.75,4.5,4.735000133514404,4.735000133514404,81400
2017-09-12,4.710999965667725,4.75,4.650000095367432,4.75,4.75,27100
2017-09-13,4.679999828338623,4.75,4.480000019073486,4.739999771118164,4.739999771118164,39600
2017-09-14,4.75,4.800000190734863,4.599999904632568,4.670000076293945,4.670000076293945,62200
2017-09-15,4.650000095367432,4.840000152587891,4.269999980926514,4.269999980926514,4.269999980926514,58400
2017-09-18,4.320000171661377,4.46999979019165,4.159999847412109,4.300000190734863,4.300000190734863,37300
2017-09-19,4.25,4.420000076293945,4.099999904632568,4.349999904632568,4.349999904632568,39400
2017-09-20,4.349999904632568,4.800000190734863,4.119999885559082,4.800000190734863,4.800000190734863,68400
2017-09-21,4.800000190734863,4.800000190734863,4.21999979019165,4.46999979019165,4.46999979019165,48400
2017-09-22,4.239999771118164,4.646999835968018,4.190000057220459,4.53000020980835,4.53000020980835,36700
2017-09-25,4.559999942779541,4.559999942779541,4.2789998054504395,4.389999866485596,4.389999866485596,43000
2017-09-26,4.489999771118164,4.699999809265137,4.210000038146973,4.320000171661377,4.320000171661377,99200
2017-09-27,4.800000190734863,5.25,4.349999904632568,4.5,4.5,480100
2017-09-28,4.599999904632568,4.599999904632568,4.010000228881836,4.25,4.25,156600
2017-09-29,4.25,4.320000171661377,3.859999895095825,3.990000009536743,3.990000009536743,100000
2017-10-02,3.940000057220459,3.9800000190734863,3.509999990463257,3.7899999618530273,3.7899999618530273,110500
2017-10-03,3.8399999141693115,3.8399999141693115,3.619999885559082,3.690000057220459,3.690000057220459,50000
2017-10-04,3.7300000190734863,3.753000020980835,3.5399999618530273,3.609999895095825,3.609999895095825,43500
2017-10-05,3.6500000953674316,3.930000066757202,3.5,3.609999895095825,3.609999895095825,45000
2017-10-06,3.5999999046325684,3.8499999046325684,3.509999990463257,3.5899999141693115,3.5899999141693115,62300
2017-10-09,3.640000104904175,3.6500000953674316,3.5399999618530273,3.569999933242798,3.569999933242798,48100
2017-10-10,3.559999942779541,3.690000057220459,3.5399999618530273,3.5799999237060547,3.5799999237060547,40300
2017-10-11,3.5999999046325684,3.7300000190734863,3.5999999046325684,3.6619999408721924,3.6619999408721924,43400
2017-10-12,3.640000104904175,3.703000068664551,3.299999952316284,3.359999895095825,3.359999895095825,66900
2017-10-13,3.359999895095825,3.4800000190734863,3.063999891281128,3.4000000953674316,3.4000000953674316,140100
2017-10-16,3.369999885559082,3.369999885559082,3.0399999618530273,3.200000047683716,3.200000047683716,101200
2017-10-17,3.2100000381469727,3.369999885559082,3.200000047683716,3.2799999713897705,3.2799999713897705,32600
2017-10-18,3.2699999809265137,3.369999885559082,3.200000047683716,3.259999990463257,3.259999990463257,24600
2017-10-19,3.240000009536743,3.4200000762939453,3.2009999752044678,3.4100000858306885,3.4100000858306885,46700
2017-10-20,3.5999999046325684,3.5999999046325684,3.309999942779541,3.509999990463257,3.509999990463257,40800
2017-10-23,3.5399999618530273,3.5399999618530273,3.259999990463257,3.299999952316284,3.299999952316284,30600
2017-10-24,3.380000114440918,3.509000062942505,3.259999990463257,3.2899999618530273,3.2899999618530273,16300
2017-10-25,3.309999942779541,3.3259999752044678,3.25,3.259999990463257,3.259999990463257,14700
2017-10-26,3.257999897003174,3.309999942779541,3.1600000858306885,3.190000057220459,3.190000057220459,53800
2017-10-27,3.190000057220459,3.2699999809265137,3.1600000858306885,3.200000047683716,3.200000047683716,20300
2017-10-30,3.2200000286102295,3.2200000286102295,3.049999952316284,3.130000114440918,3.130000114440918,36700
2017-10-31,3.130000114440918,3.200000047683716,2.8010001182556152,3.1600000858306885,3.1600000858306885,60600
2017-11-01,3.0999999046325684,3.1419999599456787,2.8499999046325684,3.0399999618530273,3.0399999618530273,18000
2017-11-02,3.049999952316284,3.049999952316284,2.9200000762939453,2.990000009536743,2.990000009536743,10300
2017-11-03,3.009999990463257,3.125,2.950000047683716,3.0,3.0,14900
2017-11-06,3.049999952316284,3.049999952316284,2.9700000286102295,3.0199999809265137,3.0199999809265137,5700
2017-11-07,3.009999990463257,3.240000009536743,3.0,3.0799999237060547,3.0799999237060547,41100
2017-11-08,3.0399999618530273,3.25,3.0,3.0,3.0,41300
2017-11-09,3.0399999618530273,3.059999942779541,2.950000047683716,3.009999990463257,3.009999990463257,20700
2017-11-10,3.0399999618530273,3.049999952316284,2.9100000858306885,2.9800000190734863,2.9800000190734863,6900
2017-11-13,3.009999990463257,3.009999990463257,2.5999999046325684,2.809999942779541,2.809999942779541,86700
2017-11-14,2.697999954223633,2.7300000190734863,2.6600000858306885,2.7200000286102295,2.7200000286102295,22000
2017-11-15,2.700000047683716,2.700000047683716,2.4000000953674316,2.609999895095825,2.609999895095825,84500
2017-11-16,2.609999895095825,3.0999999046325684,2.5999999046325684,2.9000000953674316,2.9000000953674316,91700
2017-11-17,3.0899999141693115,3.0899999141693115,2.609999895095825,2.9100000858306885,2.9100000858306885,92900
2017-11-20,2.9100000858306885,3.0999999046325684,2.61899995803833,3.0399999618530273,3.0399999618530273,41600
2017-11-21,3.049999952316284,3.1600000858306885,2.799999952316284,2.9800000190734863,2.9800000190734863,71200
2017-11-22,2.9019999504089355,3.0,2.859999895095825,2.859999895095825,2.859999895095825,24500
2017-11-24,2.8499999046325684,2.9769999980926514,2.8499999046325684,2.9700000286102295,2.9700000286102295,16500
2017-11-27,3.0,3.0,2.869999885559082,2.869999885559082,2.869999885559082,1300
2017-11-28,2.930000066757202,3.200000047683716,2.9110000133514404,3.200000047683716,3.200000047683716,21600
2017-11-29,3.1700000762939453,3.2100000381469727,3.0399999618530273,3.109999895095825,3.109999895095825,24200
2017-11-30,3.180000066757202,3.299999952316284,3.0799999237060547,3.2300000190734863,3.2300000190734863,73100
2017-12-01,3.2100000381469727,3.4100000858306885,3.1480000019073486,3.3399999141693115,3.3399999141693115,29500
2017-12-04,3.2100000381469727,3.2899999618530273,3.130000114440918,3.240000009536743,3.240000009536743,7300
2017-12-05,3.240000009536743,3.359999895095825,3.109999895095825,3.3399999141693115,3.3399999141693115,32200
2017-12-06,3.2100000381469727,3.239000082015991,2.9200000762939453,3.069999933242798,3.069999933242798,38300
2017-12-07,3.0299999713897705,3.115000009536743,2.9200000762939453,3.009999990463257,3.009999990463257,21500
2017-12-08,3.059999942779541,3.130000114440918,2.880000114440918,3.130000114440918,3.130000114440918,21200
2017-12-11,3.0799999237060547,3.0799999237060547,2.9800000190734863,2.9800000190734863,2.9800000190734863,3400
2017-12-12,3.049999952316284,3.049999952316284,2.9000000953674316,2.930000066757202,2.930000066757202,5000
2017-12-13,3.009999990463257,3.0299999713897705,2.880000114440918,2.9100000858306885,2.9100000858306885,9300
2017-12-14,2.9200000762939453,3.0,2.8940000534057617,2.944999933242798,2.944999933242798,16700
2017-12-15,3.0,3.009999990463257,2.880000114440918,2.880000114440918,2.880000114440918,15500
2017-12-18,2.9100000858306885,3.0,2.880000114440918,2.880000114440918,2.880000114440918,17700
2017-12-19,2.9649999141693115,2.9749999046325684,2.7809998989105225,2.869999885559082,2.869999885559082,16400
2017-12-20,2.890000104904175,2.890000104904175,2.7149999141693115,2.75,2.75,23300
2017-12-21,2.75,3.049999952316284,2.6600000858306885,2.7699999809265137,2.7699999809265137,76800
2017-12-22,2.8299999237060547,2.869999885559082,2.640000104904175,2.7799999713897705,2.7799999713897705,35900
2017-12-26,2.6500000953674316,3.0999999046325684,2.6500000953674316,3.0759999752044678,3.0759999752044678,72500
2017-12-27,3.1530001163482666,3.390000104904175,3.006999969482422,3.1500000953674316,3.1500000953674316,86100
2017-12-28,3.0999999046325684,3.742000102996826,3.0850000381469727,3.5,3.5,241300
2017-12-29,3.700000047683716,3.7799999713897705,3.5,3.63700008392334,3.63700008392334,71500
2018-01-02,3.7899999618530273,3.8499999046325684,3.5399999618530273,3.7100000381469727,3.7100000381469727,57000
2018-01-03,3.640000104904175,3.756999969482422,3.4070000648498535,3.690000057220459,3.690000057220459,88100
2018-01-04,3.799999952316284,3.805999994277954,3.5999999046325684,3.7100000381469727,3.7100000381469727,35900
2018-01-05,3.799999952316284,4.0,3.634000062942505,3.819999933242798,3.819999933242798,116300
2018-01-08,3.9200000762939453,3.989000082015991,3.5450000762939453,3.880000114440918,3.880000114440918,53800
2018-01-09,3.950000047683716,4.079999923706055,3.8399999141693115,3.865000009536743,3.865000009536743,51300
2018-01-10,3.819999933242798,4.070000171661377,3.7100000381469727,3.880000114440918,3.880000114440918,71900
2018-01-11,3.930000066757202,3.930000066757202,3.630000114440918,3.640000104904175,3.640000104904175,33900
2018-01-12,3.680000066757202,3.9179999828338623,3.440000057220459,3.5,3.5,53100
2018-01-16,3.640000104904175,3.7049999237060547,3.2799999713897705,3.4800000190734863,3.4800000190734863,121700
2018-01-17,3.450000047683716,3.7699999809265137,3.4000000953674316,3.5,3.5,58800
2018-01-18,3.549999952316284,3.5999999046325684,3.321000099182129,3.4100000858306885,3.4100000858306885,33700
2018-01-19,3.4000000953674316,3.5199999809265137,3.2899999618530273,3.3399999141693115,3.3399999141693115,28500
2018-01-22,3.4100000858306885,3.609999895095825,3.3499999046325684,3.5,3.5,54600
2018-01-23,3.509999990463257,3.5399999618530273,3.4000000953674316,3.450000047683716,3.450000047683716,66000
2018-01-24,3.4800000190734863,3.4800000190734863,3.359999895095825,3.430000066757202,3.430000066757202,55300
2018-01-25,3.3510000705718994,3.38100004196167,3.190000057220459,3.190000057220459,3.190000057220459,48700
2018-01-26,3.259999990463257,3.321000099182129,3.0,3.0999999046325684,3.0999999046325684,32000
2018-01-29,3.009999990463257,3.0999999046325684,2.8499999046325684,3.059999942779541,3.059999942779541,48500
2018-01-30,2.865999937057495,3.759999990463257,2.865999937057495,3.4800000190734863,3.4800000190734863,329100
2018-01-31,3.569999933242798,3.619999885559082,3.3499999046325684,3.5899999141693115,3.5899999141693115,75100
2018-02-01,3.619999885559082,3.740000009536743,3.299999952316284,3.3299999237060547,3.3299999237060547,23900
2018-02-02,3.3299999237060547,3.7100000381469727,3.0799999237060547,3.0799999237060547,3.0799999237060547,60000
2018-02-05,3.0299999713897705,3.140000104904175,2.9200000762939453,2.9800000190734863,2.9800000190734863,23900
2018-02-06,3.0,3.1050000190734863,2.8389999866485596,2.9600000381469727,2.9600000381469727,56500
2018-02-07,3.009999990463257,3.1500000953674316,3.0,3.1500000953674316,3.1500000953674316,24300
2018-02-08,3.0799999237060547,3.25,3.049999952316284,3.059999942779541,3.059999942779541,26900
2018-02-09,3.0490000247955322,3.119999885559082,2.7899999618530273,3.109999895095825,3.109999895095825,58200
2018-02-12,3.119999885559082,3.25,3.0299999713897705,3.140000104904175,3.140000104904175,38600
2018-02-13,3.25,3.3399999141693115,3.049999952316284,3.059999942779541,3.059999942779541,35100
2018-02-14,3.059999942779541,3.4210000038146973,3.049999952316284,3.059999942779541,3.059999942779541,24900
2018-02-15,3.119999885559082,3.119999885559082,2.933000087738037,2.9700000286102295,2.9700000286102295,31200
2018-02-16,2.9509999752044678,3.049999952316284,2.930000066757202,2.9600000381469727,2.9600000381469727,60500
2018-02-20,2.9800000190734863,3.1050000190734863,2.869999885559082,2.869999885559082,2.869999885559082,20800
2018-02-21,2.9800000190734863,3.009999990463257,2.8239998817443848,2.890000104904175,2.890000104904175,13900
2018-02-22,2.9200000762939453,2.928999900817871,2.7799999713897705,2.7899999618530273,2.7899999618530273,37400
2018-02-23,2.890000104904175,2.930000066757202,2.700000047683716,2.7300000190734863,2.7300000190734863,66900
2018-02-26,2.819999933242798,2.990000009536743,2.7190001010894775,2.740000009536743,2.740000009536743,88700
2018-02-27,2.8399999141693115,2.8399999141693115,2.6500000953674316,2.759999990463257,2.759999990463257,79900
2018-02-28,2.7200000286102295,2.7200000286102295,2.5999999046325684,2.5999999046325684,2.5999999046325684,33600
2018-03-01,2.619999885559082,2.6700000762939453,2.385999917984009,2.609999895095825,2.609999895095825,33100
2018-03-02,2.4200000762939453,2.5999999046325684,2.309999942779541,2.569999933242798,2.569999933242798,29400
2018-03-05,2.75,2.75,2.569999933242798,2.6600000858306885,2.6600000858306885,16800
2018-03-06,2.609999895095825,2.6700000762939453,2.321000099182129,2.509999990463257,2.509999990463257,81200
2018-03-07,2.5,2.690000057220459,2.4800000190734863,2.5999999046325684,2.5999999046325684,32700
2018-03-08,2.640000104904175,2.825000047683716,2.5999999046325684,2.7799999713897705,2.7799999713897705,28200
2018-03-09,2.7799999713897705,2.9700000286102295,2.7100000381469727,2.930000066757202,2.930000066757202,21500
2018-03-12,2.934000015258789,2.950000047683716,2.7200000286102295,2.8499999046325684,2.8499999046325684,24400
2018-03-13,2.9200000762939453,2.950000047683716,2.6700000762939453,2.890000104904175,2.890000104904175,29900
2018-03-14,2.880000114440918,2.940000057220459,2.700000047683716,2.700000047683716,2.700000047683716,9800
2018-03-15,2.759999990463257,2.9000000953674316,2.759999990463257,2.7899999618530273,2.7899999618530273,24700
2018-03-16,2.819999933242798,2.9000000953674316,2.7899999618530273,2.890000104904175,2.890000104904175,41100
2018-03-19,2.799999952316284,3.0899999141693115,2.6700000762939453,2.8499999046325684,2.8499999046325684,61900
2018-03-20,3.0,3.0399999618530273,2.828000068664551,3.0,3.0,38000
2018-03-21,3.0,3.2899999618530273,2.990000009536743,3.2899999618530273,3.2899999618530273,46000
2018-03-22,3.369999885559082,3.4700000286102295,3.119999885559082,3.3299999237060547,3.3299999237060547,101100
2018-03-23,3.309999942779541,3.390000104904175,3.1059999465942383,3.2799999713897705,3.2799999713897705,28200
2018-03-26,3.0399999618530273,3.1500000953674316,2.950000047683716,3.0399999618530273,3.0399999618530273,20300
2018-03-27,3.0,3.190000057220459,2.9000000953674316,3.140000104904175,3.140000104904175,33700
2018-03-28,2.9600000381469727,3.200000047683716,2.8299999237060547,3.200000047683716,3.200000047683716,26200
2018-03-29,3.1700000762939453,3.4000000953674316,2.859999895095825,3.140000104904175,3.140000104904175,26400
2018-04-02,3.0799999237060547,3.0999999046325684,3.009999990463257,3.009999990463257,3.009999990463257,18100
2018-04-03,3.0899999141693115,3.0899999141693115,2.9000000953674316,3.0399999618530273,3.0399999618530273,28200
2018-04-04,3.069999933242798,3.069999933242798,2.9000000953674316,3.069999933242798,3.069999933242798,4200
2018-04-05,3.059999942779541,3.065000057220459,2.9800000190734863,3.0,3.0,5200
2018-04-06,2.9700000286102295,3.0799999237060547,2.9130001068115234,3.0799999237060547,3.0799999237060547,9900
2018-04-09,3.0,3.049999952316284,2.9000000953674316,2.9100000858306885,2.9100000858306885,10000
2018-04-10,2.9000000953674316,3.0899999141693115,2.9000000953674316,3.049999952316284,3.049999952316284,13000
2018-04-11,3.065999984741211,3.0999999046325684,2.9660000801086426,3.0899999141693115,3.0899999141693115,28800
2018-04-12,3.0769999027252197,3.1600000858306885,3.0769999027252197,3.130000114440918,3.130000114440918,7700
2018-04-13,3.180000066757202,3.5999999046325684,3.1700000762939453,3.4700000286102295,3.4700000286102295,47700
2018-04-16,3.490000009536743,3.5899999141693115,3.440000057220459,3.5,3.5,16600
2018-04-17,3.569999933242798,3.680000066757202,3.4700000286102295,3.5,3.5,49800
2018-04-18,3.6500000953674316,3.74399995803833,3.180999994277954,3.5799999237060547,3.5799999237060547,24800
2018-04-19,3.509999990463257,3.6010000705718994,3.390000104904175,3.5199999809265137,3.5199999809265137,12100
2018-04-20,3.690000057220459,3.690999984741211,3.440000057220459,3.440000057220459,3.440000057220459,11700
2018-04-23,3.6700000762939453,3.6700000762939453,3.0199999809265137,3.0299999713897705,3.0299999713897705,30600
2018-04-24,3.130000114440918,3.130000114440918,2.890000104904175,2.9000000953674316,2.9000000953674316,20200
2018-04-25,2.930000066757202,2.930000066757202,2.6500000953674316,2.890000104904175,2.890000104904175,18700
2018-04-26,2.990000009536743,2.990000009536743,2.697999954223633,2.7200000286102295,2.7200000286102295,7000
2018-04-27,2.7100000381469727,2.950000047683716,2.7100000381469727,2.8499999046325684,2.8499999046325684,6900
2018-04-30,2.8299999237060547,2.859999895095825,2.7699999809265137,2.8289999961853027,2.8289999961853027,29400
2018-05-01,2.5999999046325684,2.990000009536743,2.5,2.609999895095825,2.609999895095825,262900
2018-05-02,2.569999933242798,2.880000114440918,2.569999933242798,2.819999933242798,2.819999933242798,68100
2018-05-03,2.8299999237060547,2.859999895095825,2.549999952316284,2.549999952316284,2.549999952316284,47100
2018-05-04,2.7049999237060547,2.75,2.380000114440918,2.75,2.75,37500
2018-05-07,2.6510000228881836,2.8399999141693115,2.630000114440918,2.700000047683716,2.700000047683716,26200
2018-05-08,2.799999952316284,2.819999933242798,2.559999942779541,2.6700000762939453,2.6700000762939453,31400
2018-05-09,2.609999895095825,2.75,2.5999999046325684,2.700000047683716,2.700000047683716,36700
2018-05-10,2.690000057220459,2.690000057220459,2.559999942779541,2.569999933242798,2.569999933242798,58200
2018-05-11,2.6989998817443848,2.75,2.559999942779541,2.619999885559082,2.619999885559082,60600
2018-05-14,2.640000104904175,2.6429998874664307,2.565000057220459,2.5999999046325684,2.5999999046325684,27500
2018-05-15,2.5999999046325684,2.5999999046325684,2.4800000190734863,2.569999933242798,2.569999933242798,33300
2018-05-16,2.509999990463257,2.5399999618530273,2.450000047683716,2.4600000381469727,2.4600000381469727,16000
2018-05-17,2.5420000553131104,2.5420000553131104,2.4019999504089355,2.4600000381469727,2.4600000381469727,16100
2018-05-18,2.4800000190734863,2.680999994277954,2.4100000858306885,2.5999999046325684,2.5999999046325684,34500
2018-05-21,2.609999895095825,2.609999895095825,2.4600000381469727,2.490000009536743,2.490000009536743,15600
2018-05-22,2.6649999618530273,2.6649999618530273,2.430000066757202,2.4700000286102295,2.4700000286102295,28400
2018-05-23,2.4189999103546143,2.5199999809265137,2.4189999103546143,2.490000009536743,2.490000009536743,37100
2018-05-24,2.4790000915527344,2.5,2.450000047683716,2.4600000381469727,2.4600000381469727,36300
2018-05-25,2.5,2.509999990463257,2.384000062942505,2.5,2.5,47400
2018-05-29,2.4600000381469727,2.4600000381469727,2.319999933242798,2.367000102996826,2.367000102996826,23600
2018-05-30,2.3299999237060547,2.4800000190734863,2.25,2.359999895095825,2.359999895095825,49100
2018-05-31,2.450000047683716,2.4700000286102295,2.3499999046325684,2.430000066757202,2.430000066757202,40400
2018-06-01,2.369999885559082,2.630000114440918,2.369999885559082,2.630000114440918,2.630000114440918,44600
2018-06-04,2.6700000762939453,2.700000047683716,2.509999990463257,2.680000066757202,2.680000066757202,30400
2018-06-05,2.609999895095825,2.7200000286102295,2.5399999618530273,2.6600000858306885,2.6600000858306885,41200
2018-06-06,2.6500000953674316,2.819999933242798,2.6500000953674316,2.680000066757202,2.680000066757202,33800
2018-06-07,2.6540000438690186,2.9200000762939453,2.6540000438690186,2.9200000762939453,2.9200000762939453,96700
2018-06-08,2.9200000762939453,3.625999927520752,2.9200000762939453,3.2699999809265137,3.2699999809265137,382400
2018-06-11,3.2699999809265137,3.390000104904175,3.0,3.200000047683716,3.200000047683716,358400
2018-06-12,3.1700000762939453,3.2899999618530273,3.0999999046325684,3.2899999618530273,3.2899999618530273,37500
2018-06-13,3.25,3.25,2.9200000762939453,3.1500000953674316,3.1500000953674316,45700
2018-06-14,3.1510000228881836,3.371999979019165,3.1500000953674316,3.2100000381469727,3.2100000381469727,65400
2018-06-15,3.1600000858306885,3.2799999713897705,3.1500000953674316,3.25,3.25,38000
2018-06-18,3.2300000190734863,3.4100000858306885,3.1500000953674316,3.319999933242798,3.319999933242798,219300
2018-06-19,3.4000000953674316,3.4000000953674316,3.115999937057495,3.259999990463257,3.259999990463257,20500
2018-06-20,3.3299999237060547,3.3299999237060547,3.194999933242798,3.2899999618530273,3.2899999618530273,24900
2018-06-21,3.259999990463257,3.378999948501587,3.25,3.3399999141693115,3.3399999141693115,76800
2018-06-22,3.3399999141693115,3.4700000286102295,3.2960000038146973,3.4600000381469727,3.4600000381469727,50400
2018-06-25,3.4700000286102295,3.4700000286102295,3.240000009536743,3.390000104904175,3.390000104904175,45000
2018-06-26,3.450000047683716,3.450000047683716,3.0,3.190000057220459,3.190000057220459,134300
2018-06-27,3.190000057220459,3.2300000190734863,3.0299999713897705,3.130000114440918,3.130000114440918,88200
2018-06-28,3.0899999141693115,3.2300000190734863,2.9600000381469727,3.0399999618530273,3.0399999618530273,226400
2018-06-29,3.180000066757202,3.2899999618530273,2.9700000286102295,3.2100000381469727,3.2100000381469727,256100
2018-07-02,3.200000047683716,3.299999952316284,3.115999937057495,3.2100000381469727,3.2100000381469727,60400
2018-07-03,3.259999990463257,3.2920000553131104,3.130000114440918,3.174999952316284,3.174999952316284,28400
2018-07-05,3.2899999618530273,3.2899999618530273,3.1500000953674316,3.1500000953674316,3.1500000953674316,23300
2018-07-06,3.1659998893737793,3.200000047683716,3.130000114440918,3.1600000858306885,3.1600000858306885,13100
2018-07-09,3.1500000953674316,3.180000066757202,3.009999990463257,3.1600000858306885,3.1600000858306885,38400
2018-07-10,3.2100000381469727,3.256999969482422,3.0199999809265137,3.109999895095825,3.109999895095825,70800
2018-07-11,3.119999885559082,3.178999900817871,2.680000066757202,2.9600000381469727,2.9600000381469727,59800
2018-07-12,2.990000009536743,3.009999990463257,2.9749999046325684,3.009999990463257,3.009999990463257,24000
2018-07-13,3.000999927520752,3.0450000762939453,2.6700000762939453,2.6700000762939453,2.6700000762939453,24700
2018-07-16,2.859999895095825,2.9539999961853027,2.799999952316284,2.809999942779541,2.809999942779541,12100
2018-07-17,2.8299999237060547,2.869999885559082,2.75,2.7699999809265137,2.7699999809265137,28900
2018-07-18,2.75,2.75,2.6500000953674316,2.6600000858306885,2.6600000858306885,13500
2018-07-19,2.8299999237060547,2.8299999237060547,2.5199999809265137,2.640000104904175,2.640000104904175,34700
2018-07-20,2.619999885559082,2.6700000762939453,2.5799999237060547,2.5799999237060547,2.5799999237060547,7600
2018-07-23,2.5999999046325684,2.6700000762939453,2.549999952316284,2.569999933242798,2.569999933242798,10800
2018-07-24,2.640000104904175,2.6500000953674316,2.4600000381469727,2.4600000381469727,2.4600000381469727,7500
2018-07-25,2.490000009536743,2.490000009536743,2.430000066757202,2.430000066757202,2.430000066757202,5900
2018-07-26,2.359999895095825,2.4700000286102295,2.25,2.299999952316284,2.299999952316284,71200
2018-07-27,2.319999933242798,2.3459999561309814,2.2850000858306885,2.2850000858306885,2.2850000858306885,34200
2018-07-30,2.259999990463257,2.299999952316284,2.200000047683716,2.2799999713897705,2.2799999713897705,38100
2018-07-31,2.2899999618530273,2.690000057220459,2.2799999713897705,2.549999952316284,2.549999952316284,116500
2018-08-01,2.5,2.5999999046325684,2.390000104904175,2.390000104904175,2.390000104904175,14400
2018-08-02,2.4000000953674316,2.5,2.2980000972747803,2.3949999809265137,2.3949999809265137,53800
2018-08-03,2.4100000858306885,2.4100000858306885,2.299999952316284,2.309999942779541,2.309999942779541,15600
2018-08-06,2.4200000762939453,2.4200000762939453,2.2899999618530273,2.3499999046325684,2.3499999046325684,23700
2018-08-07,2.359999895095825,2.3989999294281006,2.259999990463257,2.259999990463257,2.259999990463257,47600
2018-08-08,2.3889999389648438,2.4000000953674316,2.259999990463257,2.309999942779541,2.309999942779541,19300
2018-08-09,2.299999952316284,2.359999895095825,2.260999917984009,2.3399999141693115,2.3399999141693115,24900
2018-08-10,2.299999952316284,2.3450000286102295,2.25,2.309999942779541,2.309999942779541,42900
2018-08-13,2.3499999046325684,2.5199999809265137,2.259999990463257,2.4000000953674316,2.4000000953674316,145600
2018-08-14,2.4100000858306885,2.4800000190734863,2.319999933242798,2.450000047683716,2.450000047683716,27000
2018-08-15,2.430000066757202,2.450000047683716,2.309999942779541,2.375,2.375,36300
2018-08-16,2.4000000953674316,2.4000000953674316,2.263000011444092,2.3399999141693115,2.3399999141693115,22400
2018-08-17,2.3399999141693115,2.380000114440918,2.299999952316284,2.3299999237060547,2.3299999237060547,21800
2018-08-20,2.3499999046325684,2.4000000953674316,2.2799999713897705,2.390000104904175,2.390000104904175,49300
2018-08-21,2.450000047683716,2.5999999046325684,2.430999994277954,2.5,2.5,47400
2018-08-22,2.5399999618530273,2.5399999618530273,2.4600000381469727,2.5399999618530273,2.5399999618530273,2000
2018-08-23,2.4619998931884766,2.5399999618530273,2.3499999046325684,2.369999885559082,2.369999885559082,25400
2018-08-24,2.369999885559082,2.5399999618530273,2.369999885559082,2.450000047683716,2.450000047683716,28700
2018-08-27,2.5,2.5399999618530273,2.424999952316284,2.490000009536743,2.490000009536743,5600
2018-08-28,2.4700000286102295,2.5999999046325684,2.4700000286102295,2.5,2.5,7700
2018-08-29,2.5899999141693115,2.5899999141693115,2.509999990463257,2.5199999809265137,2.5199999809265137,5600
2018-08-30,2.553999900817871,2.7699999809265137,2.553999900817871,2.7699999809265137,2.7699999809265137,45900
2018-08-31,2.8499999046325684,2.8499999046325684,2.5999999046325684,2.799999952316284,2.799999952316284,23300
2018-09-04,2.700000047683716,2.75,2.440000057220459,2.559999942779541,2.559999942779541,5900
2018-09-05,2.569999933242798,2.6500000953674316,2.5,2.640000104904175,2.640000104904175,10900
2018-09-06,2.630000114440918,2.640000104904175,2.5999999046325684,2.609999895095825,2.609999895095825,2100
2018-09-07,2.559999942779541,2.6500000953674316,2.559999942779541,2.6500000953674316,2.6500000953674316,11000
2018-09-10,2.569999933242798,2.690000057220459,2.569999933242798,2.630000114440918,2.630000114440918,2500
2018-09-11,2.6600000858306885,2.7799999713897705,2.5929999351501465,2.759999990463257,2.759999990463257,21200
2018-09-12,2.7300000190734863,2.7699999809265137,2.619999885559082,2.7699999809265137,2.7699999809265137,9300
2018-09-13,2.7699999809265137,2.799999952316284,2.609999895095825,2.6500000953674316,2.6500000953674316,13800
2018-09-14,2.6600000858306885,2.7899999618530273,2.509999990463257,2.5899999141693115,2.5899999141693115,11300
2018-09-17,2.609999895095825,2.6500000953674316,2.38100004196167,2.559999942779541,2.559999942779541,23200
2018-09-18,2.6029999256134033,2.690000057220459,2.4600000381469727,2.6500000953674316,2.6500000953674316,35700
2018-09-19,2.5799999237060547,2.640000104904175,2.4639999866485596,2.5199999809265137,2.5199999809265137,18400
2018-09-20,2.5799999237060547,2.5799999237060547,2.490000009536743,2.490000009536743,2.490000009536743,6800
2018-09-21,2.549999952316284,2.6500000953674316,2.509999990463257,2.6500000953674316,2.6500000953674316,30900
2018-09-24,3.0999999046325684,3.75,2.509999990463257,2.950000047683716,2.950000047683716,2690700
2018-09-25,2.940000057220459,3.055000066757202,2.559999942779541,3.0,3.0,179000
2018-09-26,3.0,3.0,2.6500000953674316,2.7179999351501465,2.7179999351501465,91700
2018-09-27,2.7100000381469727,2.7699999809265137,2.450000047683716,2.680000066757202,2.680000066757202,94400
2018-09-28,2.6500000953674316,2.6500000953674316,2.450000047683716,2.569999933242798,2.569999933242798,79800
2018-10-01,2.619999885559082,2.799999952316284,2.450000047683716,2.799999952316284,2.799999952316284,82900
2018-10-02,2.7799999713897705,2.8299999237060547,2.5999999046325684,2.5999999046325684,2.5999999046325684,35100
2018-10-03,2.630000114440918,2.7200000286102295,2.5,2.7200000286102295,2.7200000286102295,22600
2018-10-04,2.680000066757202,2.7200000286102295,2.5299999713897705,2.5399999618530273,2.5399999618530273,65300
2018-10-05,2.5199999809265137,2.609999895095825,2.4800000190734863,2.490000009536743,2.490000009536743,27500
2018-10-08,2.4700000286102295,2.5299999713897705,2.369999885559082,2.380000114440918,2.380000114440918,14400
2018-10-09,2.359999895095825,2.4000000953674316,2.2200000286102295,2.240000009536743,2.240000009536743,30500
2018-10-10,2.25,2.390000104904175,2.2200000286102295,2.2300000190734863,2.2300000190734863,37800
2018-10-11,2.240000009536743,2.4000000953674316,2.0999999046325684,2.3499999046325684,2.3499999046325684,69900
2018-10-12,2.359999895095825,2.5,2.25,2.450000047683716,2.450000047683716,59700
2018-10-15,2.5,2.5,2.3399999141693115,2.5,2.5,58700
2018-10-16,2.450000047683716,2.6500000953674316,2.390000104904175,2.5,2.5,198200
2018-10-17,2.6500000953674316,2.7799999713897705,2.5999999046325684,2.6600000858306885,2.6600000858306885,259300
2018-10-18,2.690000057220459,2.690000057220459,2.5,2.6700000762939453,2.6700000762939453,127200
2018-10-19,2.630000114440918,2.7200000286102295,2.559999942779541,2.640000104904175,2.640000104904175,110400
2018-10-22,2.640000104904175,2.7200000286102295,2.634999990463257,2.6500000953674316,2.6500000953674316,32700
2018-10-23,2.6500000953674316,2.700000047683716,2.569999933242798,2.6500000953674316,2.6500000953674316,161100
2018-10-24,2.690000057220459,2.700000047683716,2.546999931335449,2.609999895095825,2.609999895095825,92700
2018-10-25,2.5799999237060547,2.5899999141693115,2.450000047683716,2.450000047683716,2.450000047683716,36200
2018-10-26,2.450000047683716,2.5399999618530273,2.4059998989105225,2.5399999618530273,2.5399999618530273,36200
2018-10-29,2.5199999809265137,2.549999952316284,2.2200000286102295,2.359999895095825,2.359999895095825,66700
2018-10-30,2.380000114440918,2.4600000381469727,2.109999895095825,2.25,2.25,42000
2018-10-31,2.2300000190734863,2.3399999141693115,2.200000047683716,2.2100000381469727,2.2100000381469727,36700
2018-11-01,2.2799999713897705,2.4200000762939453,2.253000020980835,2.4000000953674316,2.4000000953674316,44600
2018-11-02,2.390000104904175,2.4600000381469727,2.319999933242798,2.319999933242798,2.319999933242798,15300
2018-11-05,2.359999895095825,2.380000114440918,2.2699999809265137,2.2699999809265137,2.2699999809265137,10400
2018-11-06,2.2699999809265137,2.3299999237060547,2.109999895095825,2.299999952316284,2.299999952316284,13500
2018-11-07,2.299999952316284,2.319999933242798,2.190000057220459,2.2300000190734863,2.2300000190734863,74000
2018-11-08,2.25,2.5759999752044678,2.1689999103546143,2.4600000381469727,2.4600000381469727,239900
2018-11-09,2.5199999809265137,2.5199999809265137,2.312000036239624,2.450000047683716,2.450000047683716,47700
2018-11-12,2.3919999599456787,2.4700000286102295,2.259999990463257,2.259999990463257,2.259999990463257,23300
2018-11-13,2.2699999809265137,2.3399999141693115,2.259999990463257,2.3299999237060547,2.3299999237060547,15900
2018-11-14,2.2850000858306885,2.2899999618530273,2.119999885559082,2.1500000953674316,2.1500000953674316,38700
2018-11-15,2.2899999618530273,2.3399999141693115,2.1500000953674316,2.2899999618530273,2.2899999618530273,52700
2018-11-16,2.359999895095825,2.359999895095825,2.140000104904175,2.25,2.25,29300
2018-11-19,2.200000047683716,2.25,2.119999885559082,2.1700000762939453,2.1700000762939453,59100
2018-11-20,2.180000066757202,2.180000066757202,2.0,2.130000114440918,2.130000114440918,75600
2018-11-21,2.140000104904175,2.1500000953674316,1.9199999570846558,2.130000114440918,2.130000114440918,26100
2018-11-23,2.049999952316284,2.130000114440918,2.049999952316284,2.130000114440918,2.130000114440918,4200
2018-11-26,2.130000114440918,2.1500000953674316,2.0,2.0,2.0,42700
2018-11-27,2.0,2.049999952316284,1.9500000476837158,1.9800000190734863,1.9800000190734863,43900
2018-11-28,2.009999990463257,2.049999952316284,1.9800000190734863,1.9800000190734863,1.9800000190734863,24900
2018-11-29,2.0,2.049999952316284,1.9500000476837158,2.049999952316284,2.049999952316284,94200
2018-11-30,2.0299999713897705,2.0299999713897705,1.9500000476837158,1.9500000476837158,1.9500000476837158,97100
2018-12-03,2.0,2.0199999809265137,1.965999960899353,2.0199999809265137,2.0199999809265137,19400
2018-12-04,2.0,2.0,1.9620000123977661,1.9900000095367432,1.9900000095367432,13700
2018-12-06,1.9900000095367432,1.9900000095367432,1.8600000143051147,1.8600000143051147,1.8600000143051147,117400
2018-12-07,1.9199999570846558,1.9199999570846558,1.7699999809265137,1.809999942779541,1.809999942779541,23800
2018-12-10,1.809999942779541,1.8899999856948853,1.690000057220459,1.850000023841858,1.850000023841858,70500
2018-12-11,1.7699999809265137,1.840000033378601,1.7000000476837158,1.7000000476837158,1.7000000476837158,48200
2018-12-12,1.7699999809265137,1.899999976158142,1.7599999904632568,1.7599999904632568,1.7599999904632568,90600
2018-12-13,1.7100000381469727,1.850000023841858,1.7089999914169312,1.7300000190734863,1.7300000190734863,38100
2018-12-14,1.7400000095367432,1.7699999809265137,1.7100000381469727,1.7599999904632568,1.7599999904632568,13300
2018-12-17,1.7699999809265137,1.7699999809265137,1.6299999952316284,1.6299999952316284,1.6299999952316284,51500
2018-12-18,1.6399999856948853,1.7400000095367432,1.5199999809265137,1.524999976158142,1.524999976158142,46000
2018-12-19,1.600000023841858,1.690000057220459,1.5399999618530273,1.5399999618530273,1.5399999618530273,47000
2018-12-20,1.5800000429153442,1.649999976158142,1.440000057220459,1.440000057220459,1.440000057220459,32800
2018-12-21,1.4700000286102295,1.5099999904632568,1.149999976158142,1.2000000476837158,1.2000000476837158,124000
2018-12-24,1.2000000476837158,1.340000033378601,1.0299999713897705,1.0499999523162842,1.0499999523162842,31200
2018-12-26,1.059999942779541,1.25,1.0,1.0499999523162842,1.0499999523162842,396800
2018-12-27,1.0499999523162842,1.2000000476837158,1.0,1.159999966621399,1.159999966621399,339500
2018-12-28,1.225000023841858,1.600000023841858,1.1200000047683716,1.2999999523162842,1.2999999523162842,222700
2018-12-31,1.2999999523162842,1.3200000524520874,1.100000023841858,1.2100000381469727,1.2100000381469727,116400
2019-01-02,1.25,1.2999999523162842,1.25,1.2999999523162842,1.2999999523162842,6500
2019-01-03,1.3899999856948853,1.6699999570846558,1.3700000047683716,1.6299999952316284,1.6299999952316284,129000
2019-01-04,1.600000023841858,1.7699999809265137,1.559999942779541,1.659999966621399,1.659999966621399,51200
2019-01-07,1.6799999475479126,1.7999999523162842,1.6799999475479126,1.7699999809265137,1.7699999809265137,47400
2019-01-08,1.809999942779541,1.8799999952316284,1.7790000438690186,1.8799999952316284,1.8799999952316284,62100
2019-01-09,1.8799999952316284,2.2699999809265137,1.840000033378601,2.2100000381469727,2.2100000381469727,261100
2019-01-10,2.240000009536743,2.240000009536743,2.049999952316284,2.240000009536743,2.240000009536743,88800
2019-01-11,2.200000047683716,2.319999933242798,2.197999954223633,2.2799999713897705,2.2799999713897705,23300
2019-01-14,2.319999933242798,2.390000104904175,2.2990000247955322,2.369999885559082,2.369999885559082,57700
2019-01-15,2.4000000953674316,2.4000000953674316,2.2799999713897705,2.299999952316284,2.299999952316284,20900
2019-01-16,2.2699999809265137,2.3499999046325684,2.25,2.299999952316284,2.299999952316284,37800
2019-01-17,2.299999952316284,2.4600000381469727,2.299999952316284,2.4200000762939453,2.4200000762939453,112800
2019-01-18,2.4200000762939453,2.5199999809265137,2.359999895095825,2.440000057220459,2.440000057220459,125500
2019-01-22,2.380000114440918,2.5199999809265137,2.359999895095825,2.4800000190734863,2.4800000190734863,58600
2019-01-23,2.450000047683716,2.5,2.369999885559082,2.369999885559082,2.369999885559082,20400
2019-01-24,2.369999885559082,2.4130001068115234,2.3499999046325684,2.3499999046325684,2.3499999046325684,22800
2019-01-25,2.3499999046325684,2.4100000858306885,2.200000047683716,2.25,2.25,168500
2019-01-28,2.200000047683716,2.299999952316284,2.1500000953674316,2.1600000858306885,2.1600000858306885,35100
2019-01-29,2.1500000953674316,2.200000047683716,2.009999990463257,2.0399999618530273,2.0399999618530273,48500
2019-01-30,2.009999990463257,2.0999999046325684,2.0,2.0299999713897705,2.0299999713897705,80000
2019-01-31,2.0799999237060547,2.1500000953674316,2.0799999237060547,2.11299991607666,2.11299991607666,17000
2019-02-01,2.109999895095825,2.2880001068115234,2.0199999809265137,2.180000066757202,2.180000066757202,62500
2019-02-04,2.200000047683716,2.4000000953674316,2.200000047683716,2.369999885559082,2.369999885559082,60300
2019-02-05,2.380000114440918,2.4000000953674316,2.3399999141693115,2.3399999141693115,2.3399999141693115,30000
2019-02-06,2.359999895095825,2.369999885559082,2.180000066757202,2.369999885559082,2.369999885559082,117300
2019-02-07,2.309999942779541,2.309999942779541,1.9700000286102295,2.069999933242798,2.069999933242798,146000
2019-02-08,2.069999933242798,2.069999933242798,1.8799999952316284,1.8799999952316284,1.8799999952316284,24400
2019-02-11,1.8700000047683716,1.9500000476837158,1.7599999904632568,1.809999942779541,1.809999942779541,73400
2019-02-12,1.8200000524520874,1.850000023841858,1.7599999904632568,1.809999942779541,1.809999942779541,58200
2019-02-13,1.8200000524520874,1.850000023841858,1.6549999713897705,1.715000033378601,1.715000033378601,80600
2019-02-14,1.7599999904632568,1.840000033378601,1.7000000476837158,1.7699999809265137,1.7699999809265137,103000
2019-02-15,1.7899999618530273,1.9199999570846558,1.7000000476837158,1.809999942779541,1.809999942779541,159800
2019-02-19,1.840000033378601,1.9190000295639038,1.649999976158142,1.7000000476837158,1.7000000476837158,120200
2019-02-20,1.7300000190734863,2.2699999809265137,1.7300000190734863,2.009999990463257,2.009999990463257,423600
2019-02-21,2.049999952316284,2.109999895095825,1.899999976158142,1.9800000190734863,1.9800000190734863,146500
2019-02-22,2.0,2.1500000953674316,2.0,2.140000104904175,2.140000104904175,105200
2019-02-25,2.1700000762939453,2.2239999771118164,1.9800000190734863,2.0799999237060547,2.0799999237060547,72100
2019-02-26,2.059999942779541,2.1700000762939453,1.9800000190734863,2.109999895095825,2.109999895095825,55400
2019-02-27,2.0799999237060547,2.109999895095825,1.9900000095367432,2.0399999618530273,2.0399999618530273,44900
2019-02-28,2.0299999713897705,2.130000114440918,1.9900000095367432,2.069999933242798,2.069999933242798,36700
2019-03-01,2.069999933242798,2.0999999046325684,1.9800000190734863,2.069999933242798,2.069999933242798,29200
2019-03-04,2.069999933242798,2.0999999046325684,2.0390000343322754,2.049999952316284,2.049999952316284,59900
2019-03-05,2.0380001068115234,2.059999942779541,2.0299999713897705,2.0399999618530273,2.0399999618530273,43200
2019-03-06,2.0409998893737793,2.0409998893737793,1.9600000381469727,1.9600000381469727,1.9600000381469727,70600
2019-03-07,1.9600000381469727,1.9809999465942383,1.899999976158142,1.9450000524520874,1.9450000524520874,25900
2019-03-08,1.940000057220459,1.9700000286102295,1.8300000429153442,1.840000033378601,1.840000033378601,29800
2019-03-11,1.8600000143051147,1.899999976158142,1.7899999618530273,1.840000033378601,1.840000033378601,31100
2019-03-12,1.8600000143051147,1.99399995803833,1.850000023841858,1.9199999570846558,1.9199999570846558,32000
2019-03-13,1.940000057220459,2.0,1.809999942779541,1.899999976158142,1.899999976158142,33700
2019-03-14,1.8300000429153442,1.909999966621399,1.8300000429153442,1.899999976158142,1.899999976158142,24200
2019-03-15,1.940000057220459,2.0450000762939453,1.8899999856948853,2.0399999618530273,2.0399999618530273,152700
2019-03-18,2.390000104904175,2.4000000953674316,2.0999999046325684,2.140000104904175,2.140000104904175,856200
2019-03-19,2.0899999141693115,2.240000009536743,2.049999952316284,2.1500000953674316,2.1500000953674316,164500
2019-03-20,2.1700000762939453,2.299999952316284,2.009999990463257,2.299999952316284,2.299999952316284,161800
2019-03-21,2.299999952316284,2.309000015258789,2.200000047683716,2.259999990463257,2.259999990463257,65800
2019-03-22,2.259999990463257,2.322999954223633,2.200000047683716,2.2699999809265137,2.2699999809265137,47000
2019-03-25,2.25,2.259999990463257,2.200000047683716,2.25,2.25,33700
2019-03-26,2.259999990463257,2.359999895095825,2.25,2.325000047683716,2.325000047683716,41100
2019-03-27,2.3399999141693115,2.4000000953674316,2.2850000858306885,2.382999897003174,2.382999897003174,63100
2019-03-28,2.390000104904175,2.4000000953674316,2.322000026702881,2.4000000953674316,2.4000000953674316,24800
2019-03-29,2.4000000953674316,2.450000047683716,2.369999885559082,2.4200000762939453,2.4200000762939453,58000
2019-04-01,2.450000047683716,2.549999952316284,2.434999942779541,2.490000009536743,2.490000009536743,40000
2019-04-02,2.4600000381469727,2.5799999237060547,2.2100000381469727,2.549999952316284,2.549999952316284,155700
2019-04-03,2.513000011444092,2.5799999237060547,2.4800000190734863,2.569999933242798,2.569999933242798,54500
2019-04-04,2.5199999809265137,2.5399999618530273,2.503000020980835,2.5230000019073486,2.5230000019073486,17900
2019-04-05,2.5199999809265137,2.549999952316284,2.4100000858306885,2.4769999980926514,2.4769999980926514,53800
2019-04-08,2.490000009536743,2.5299999713897705,2.3310000896453857,2.5,2.5,68400
2019-04-09,2.4600000381469727,2.489000082015991,2.319999933242798,2.3299999237060547,2.3299999237060547,8700
2019-04-10,2.490000009536743,2.700000047683716,2.444999933242798,2.5999999046325684,2.5999999046325684,278000
2019-04-11,2.5999999046325684,2.609999895095825,2.5,2.549999952316284,2.549999952316284,68100
2019-04-12,2.5899999141693115,2.5899999141693115,2.494999885559082,2.5380001068115234,2.5380001068115234,83700
2019-04-15,2.569999933242798,2.5799999237060547,2.440000057220459,2.440000057220459,2.440000057220459,51000
2019-04-16,2.450000047683716,2.5899999141693115,2.450000047683716,2.5299999713897705,2.5299999713897705,87300
2019-04-17,2.5299999713897705,2.549999952316284,2.4600000381469727,2.4600000381469727,2.4600000381469727,60200
2019-04-18,2.450000047683716,2.497999906539917,2.369999885559082,2.4700000286102295,2.4700000286102295,58500
2019-04-22,2.5,2.619999885559082,2.5,2.5999999046325684,2.5999999046325684,259700
2019-04-23,2.609999895095825,2.690000057220459,2.5299999713897705,2.5999999046325684,2.5999999046325684,144700
2019-04-24,2.5999999046325684,2.5999999046325684,2.5,2.549999952316284,2.549999952316284,52800
2019-04-25,2.549999952316284,2.549999952316284,2.4000000953674316,2.5,2.5,111300
2019-04-26,2.490000009536743,2.549999952316284,2.427999973297119,2.5,2.5,61300
2019-04-29,2.5,2.509999990463257,2.378000020980835,2.5,2.5,40400
2019-04-30,2.4600000381469727,2.509999990463257,2.4000000953674316,2.4800000190734863,2.4800000190734863,47100
2019-05-01,2.4600000381469727,2.5,2.440000057220459,2.440000057220459,2.440000057220459,25700
2019-05-02,2.5,2.5,2.450000047683716,2.5,2.5,21200
2019-05-03,2.509999990463257,2.559999942779541,2.490000009536743,2.552999973297119,2.552999973297119,68700
2019-05-06,2.549999952316284,2.6700000762939453,2.513000011444092,2.569999933242798,2.569999933242798,30200
2019-05-07,2.6500000953674316,2.6500000953674316,2.5299999713897705,2.5999999046325684,2.5999999046325684,15700
2019-05-08,2.640000104904175,3.0999999046325684,2.619999885559082,2.8940000534057617,2.8940000534057617,250300
2019-05-09,2.869999885559082,3.0,2.5999999046325684,2.700000047683716,2.700000047683716,277000
2019-05-10,2.700000047683716,2.7980000972747803,2.5799999237060547,2.5799999237060547,2.5799999237060547,98900
2019-05-13,2.5799999237060547,2.700000047683716,2.5,2.5799999237060547,2.5799999237060547,140500
2019-05-14,2.568000078201294,2.5950000286102295,2.5399999618530273,2.559999942779541,2.559999942779541,234100
2019-05-15,2.549999952316284,2.619999885559082,2.509999990463257,2.5329999923706055,2.5329999923706055,174200
2019-05-16,2.509999990463257,2.680000066757202,2.5,2.630000114440918,2.630000114440918,101600
2019-05-17,2.619999885559082,2.6500000953674316,2.559999942779541,2.5799999237060547,2.5799999237060547,98000
2019-05-20,2.609999895095825,2.7100000381469727,2.4000000953674316,2.4800000190734863,2.4800000190734863,499600
2019-05-21,2.4700000286102295,2.4700000286102295,2.240000009536743,2.3499999046325684,2.3499999046325684,225100
2019-05-22,2.359999895095825,2.380000114440918,2.0899999141693115,2.180000066757202,2.180000066757202,109100
2019-05-23,2.180000066757202,2.2109999656677246,2.130000114440918,2.140000104904175,2.140000104904175,70500
2019-05-24,2.1600000858306885,2.190000057220459,2.0999999046325684,2.1600000858306885,2.1600000858306885,51100
2019-05-28,2.1500000953674316,2.2699999809265137,2.0920000076293945,2.1700000762939453,2.1700000762939453,68200
2019-05-29,2.1500000953674316,2.2699999809265137,2.140000104904175,2.2100000381469727,2.2100000381469727,97500
2019-05-30,2.2100000381469727,2.240000009536743,2.0929999351501465,2.1700000762939453,2.1700000762939453,62700
2019-05-31,2.1600000858306885,2.190000057220459,2.0399999618530273,2.190000057220459,2.190000057220459,84200
2019-06-03,2.1600000858306885,2.2699999809265137,2.0299999713897705,2.240000009536743,2.240000009536743,52200
2019-06-04,2.240000009536743,2.2899999618530273,2.180000066757202,2.2100000381469727,2.2100000381469727,89500
2019-06-05,2.125,2.1689999103546143,1.9500000476837158,2.049999952316284,2.049999952316284,56400
2019-06-06,1.9210000038146973,2.0299999713897705,1.899999976158142,2.009999990463257,2.009999990463257,98700
2019-06-07,2.109999895095825,2.109999895095825,1.840000033378601,2.049999952316284,2.049999952316284,116400
2019-06-10,2.109999895095825,2.119999885559082,1.9500000476837158,1.9500000476837158,1.9500000476837158,91000
2019-06-11,1.9500000476837158,2.0299999713897705,1.7000000476837158,1.8300000429153442,1.8300000429153442,130800
2019-06-12,1.850000023841858,1.9199999570846558,1.7000000476837158,1.7799999713897705,1.7799999713897705,51600
2019-06-13,1.7899999618530273,1.8250000476837158,1.6699999570846558,1.75,1.75,133700
2019-06-14,1.7799999713897705,1.7999999523162842,1.4869999885559082,1.6699999570846558,1.6699999570846558,315900
2019-06-17,1.659999966621399,1.7649999856948853,1.4199999570846558,1.5700000524520874,1.5700000524520874,215800
2019-06-18,1.590000033378601,1.7999999523162842,1.590000033378601,1.7799999713897705,1.7799999713897705,144500
2019-06-19,1.7999999523162842,1.7999999523162842,1.649999976158142,1.7200000286102295,1.7200000286102295,88000
2019-06-20,1.7200000286102295,1.7319999933242798,1.6299999952316284,1.7100000381469727,1.7100000381469727,31300
2019-06-21,1.690000057220459,1.7400000095367432,1.6699999570846558,1.7300000190734863,1.7300000190734863,25100
2019-06-24,1.7400000095367432,1.7899999618530273,1.6699999570846558,1.6799999475479126,1.6799999475479126,135000
2019-06-25,1.659999966621399,1.7699999809265137,1.5,1.7100000381469727,1.7100000381469727,138900
2019-06-26,1.7100000381469727,1.7100000381469727,1.649999976158142,1.7100000381469727,1.7100000381469727,6800
2019-06-27,1.7000000476837158,1.7690000534057617,1.6399999856948853,1.6399999856948853,1.6399999856948853,40300
2019-06-28,1.649999976158142,1.7000000476837158,1.6299999952316284,1.7000000476837158,1.7000000476837158,59600
2019-07-01,1.7400000095367432,1.9299999475479126,1.5,1.5499999523162842,1.5499999523162842,134300
2019-07-02,1.5399999618530273,1.600000023841858,1.5199999809265137,1.5399999618530273,1.5399999618530273,71400
2019-07-03,1.5299999713897705,1.5399999618530273,1.3700000047683716,1.437000036239624,1.437000036239624,106900
2019-07-05,1.4700000286102295,1.5499999523162842,1.440000057220459,1.4500000476837158,1.4500000476837158,82500
2019-07-08,1.4500000476837158,1.5499999523162842,1.25,1.25,1.25,334900
2019-07-09,1.25,1.3930000066757202,1.2269999980926514,1.2300000190734863,1.2300000190734863,474400
2019-07-10,1.2599999904632568,1.399999976158142,1.1799999475479126,1.2999999523162842,1.2999999523162842,238200
2019-07-11,1.3200000524520874,1.4299999475479126,1.2899999618530273,1.409999966621399,1.409999966621399,262500
2019-07-12,1.4299999475479126,1.4299999475479126,1.2599999904632568,1.2599999904632568,1.2599999904632568,216900
2019-07-15,1.2599999904632568,1.3300000429153442,1.2059999704360962,1.2239999771118164,1.2239999771118164,57600
2019-07-16,1.2200000286102295,1.2259999513626099,1.0149999856948853,1.090000033378601,1.090000033378601,679200
2019-07-17,1.090000033378601,1.149999976158142,1.0499999523162842,1.0499999523162842,1.0499999523162842,310500
2019-07-18,0.9800000190734863,1.0499999523162842,0.9049999713897705,0.9470000267028809,0.9470000267028809,1654700
2019-07-19,1.0499999523162842,1.059999942779541,0.9559999704360962,1.0499999523162842,1.0499999523162842,626100
2019-07-22,1.0499999523162842,1.2799999713897705,0.9879999756813049,1.0499999523162842,1.0499999523162842,1083700
2019-07-23,1.0299999713897705,1.100000023841858,1.0,1.0199999809265137,1.0199999809265137,650100
2019-07-24,1.0299999713897705,1.0399999618530273,1.0,1.0399999618530273,1.0399999618530273,200800
2019-07-25,1.0299999713897705,1.0490000247955322,1.0199999809265137,1.0199999809265137,1.0199999809265137,112500
2019-07-26,1.0199999809265137,1.0299999713897705,0.9900000095367432,1.0,1.0,233300
2019-07-29,1.0399999618530273,1.0399999618530273,0.9990000128746033,1.0,1.0,169700
2019-07-30,1.0099999904632568,1.059999942779541,0.9700000286102295,1.059999942779541,1.059999942779541,169600
2019-07-31,1.0499999523162842,1.0759999752044678,1.0,1.0099999904632568,1.0099999904632568,70000
2019-08-01,1.0099999904632568,1.0980000495910645,1.0099999904632568,1.0299999713897705,1.0299999713897705,115000
2019-08-02,1.0199999809265137,1.0499999523162842,1.0,1.0399999618530273,1.0399999618530273,199900
2019-08-05,1.0099999904632568,1.0299999713897705,0.9800000190734863,0.9990000128746033,0.9990000128746033,176900
2019-08-06,1.0,1.0199999809265137,0.9760000109672546,0.9760000109672546,0.9760000109672546,118200
2019-08-07,0.9900000095367432,0.9900000095367432,0.8600000143051147,0.9739999771118164,0.9739999771118164,388600
2019-08-08,0.9679999947547913,0.9700000286102295,0.9200000166893005,0.949999988079071,0.949999988079071,45100
2019-08-09,1.0,1.0299999713897705,0.9509999752044678,0.9909999966621399,0.9909999966621399,195900
2019-08-12,1.0099999904632568,1.0199999809265137,0.9739999771118164,0.9900000095367432,0.9900000095367432,17600
2019-08-13,0.9900000095367432,0.9900000095367432,0.949999988079071,0.9739999771118164,0.9739999771118164,93900
2019-08-14,0.9700000286102295,1.0,0.949999988079071,0.9900000095367432,0.9900000095367432,127700
2019-08-15,0.9800000190734863,0.9800000190734863,0.949999988079071,0.9610000252723694,0.9610000252723694,61600
2019-08-16,0.9599999785423279,1.0069999694824219,0.9599999785423279,0.9900000095367432,0.9900000095367432,39000
2019-08-19,1.0099999904632568,1.0499999523162842,0.9900000095367432,1.0499999523162842,1.0499999523162842,109900
2019-08-20,1.0499999523162842,1.100000023841858,1.0299999713897705,1.0800000429153442,1.0800000429153442,186900
2019-08-21,1.0800000429153442,1.1549999713897705,1.0199999809265137,1.0449999570846558,1.0449999570846558,536500
2019-08-22,1.0499999523162842,1.159999966621399,1.0499999523162842,1.149999976158142,1.149999976158142,244800
2019-08-23,1.149999976158142,1.149999976158142,1.0499999523162842,1.0499999523162842,1.0499999523162842,294100
2019-08-26,1.0700000524520874,1.1319999694824219,1.0700000524520874,1.0750000476837158,1.0750000476837158,204400
2019-08-27,1.0700000524520874,1.100000023841858,1.0199999809265137,1.0199999809265137,1.0199999809265137,94700
2019-08-28,1.0299999713897705,1.0700000524520874,0.9800000190734863,1.0,1.0,208600
2019-08-29,0.9900000095367432,1.0299999713897705,0.9900000095367432,0.9909999966621399,0.9909999966621399,69300
2019-08-30,1.0099999904632568,1.0299999713897705,1.0,1.0,1.0,43300
2019-09-03,1.0399999618530273,1.0399999618530273,0.9900000095367432,0.9900000095367432,0.9900000095367432,83900
2019-09-04,1.0099999904632568,1.0399999618530273,1.0099999904632568,1.024999976158142,1.024999976158142,96600
2019-09-05,1.0299999713897705,1.0299999713897705,0.9800000190734863,0.9900000095367432,0.9900000095367432,147100
2019-09-06,0.9900000095367432,1.0199999809265137,0.9900000095367432,1.0,1.0,75800
2019-09-09,1.0099999904632568,1.0099999904632568,0.9710000157356262,0.9800000190734863,0.9800000190734863,120300
2019-09-10,1.0,1.1299999952316284,1.0,1.0750000476837158,1.0750000476837158,217700
2019-09-11,1.100000023841858,1.1100000143051147,1.0099999904632568,1.0299999713897705,1.0299999713897705,270600
2019-09-12,1.0299999713897705,1.1299999952316284,1.0299999713897705,1.1299999952316284,1.1299999952316284,294100
2019-09-13,1.1200000047683716,1.3300000429153442,1.1200000047683716,1.2300000190734863,1.2300000190734863,719600
2019-09-16,1.2599999904632568,1.2899999618530273,1.159999966621399,1.2100000381469727,1.2100000381469727,312400
2019-09-17,1.2100000381469727,1.2599999904632568,1.0399999618530273,1.0700000524520874,1.0700000524520874,587500
2019-09-18,1.0499999523162842,1.0700000524520874,0.9700000286102295,1.0,1.0,521900
2019-09-19,1.0,1.0499999523162842,0.9900000095367432,1.0,1.0,115200
2019-09-20,1.0,1.0199999809265137,0.9800000190734863,1.0,1.0,275200
2019-09-23,1.0099999904632568,1.0099999904632568,0.890999972820282,0.9300000071525574,0.9300000071525574,343100
2019-09-24,0.949999988079071,0.9509999752044678,0.8700000047683716,0.8899999856948853,0.8899999856948853,243200
2019-09-25,0.699999988079071,0.7450000047683716,0.6359999775886536,0.703000009059906,0.703000009059906,3314600
2019-09-26,0.7099999785423279,0.7300000190734863,0.5,0.6549999713897705,0.6549999713897705,864000
2019-09-27,0.6499999761581421,0.6499999761581421,0.5120000243186951,0.5830000042915344,0.5830000042915344,482600
2019-09-30,0.5630000233650208,0.6399999856948853,0.5099999904632568,0.6000000238418579,0.6000000238418579,400900
2019-10-01,0.6000000238418579,0.699999988079071,0.6000000238418579,0.6499999761581421,0.6499999761581421,185700
2019-10-02,0.652999997138977,0.699999988079071,0.6179999709129333,0.6190000176429749,0.6190000176429749,164800
2019-10-03,0.621999979019165,0.6600000262260437,0.6100000143051147,0.6140000224113464,0.6140000224113464,64300
2019-10-04,0.6330000162124634,0.6859999895095825,0.5540000200271606,0.5720000267028809,0.5720000267028809,258900
2019-10-07,0.5799999833106995,0.609000027179718,0.550000011920929,0.5600000023841858,0.5600000023841858,409600
2019-10-08,0.5600000023841858,0.5600000023841858,0.5,0.5149999856948853,0.5149999856948853,369300
2019-10-09,0.5230000019073486,0.5519999861717224,0.5099999904632568,0.5270000100135803,0.5270000100135803,289200
2019-10-10,0.5400000214576721,0.5400000214576721,0.460999995470047,0.4749999940395355,0.4749999940395355,552200
2019-10-11,0.5,0.5019999742507935,0.48100000619888306,0.48899999260902405,0.48899999260902405,82100
2019-10-14,0.5,0.5,0.41600000858306885,0.44999998807907104,0.44999998807907104,133100
2019-10-15,0.5,0.5899999737739563,0.47200000286102295,0.5550000071525574,0.5550000071525574,477300
2019-10-16,0.5199999809265137,0.6800000071525574,0.5009999871253967,0.6460000276565552,0.6460000276565552,399600
2019-10-17,0.6600000262260437,0.9399999976158142,0.6600000262260437,0.8059999942779541,0.8059999942779541,1149700
2019-10-18,0.8899999856948853,0.8899999856948853,0.699999988079071,0.7200000286102295,0.7200000286102295,496400
2019-10-21,0.7559999823570251,0.8360000252723694,0.7559999823570251,0.7950000166893005,0.7950000166893005,196200
2019-10-22,0.8069999814033508,0.8159999847412109,0.75,0.7599999904632568,0.7599999904632568,211700
2019-10-23,0.7799999713897705,0.7799999713897705,0.6600000262260437,0.6800000071525574,0.6800000071525574,280800
2019-10-24,0.6800000071525574,0.7049999833106995,0.6570000052452087,0.6710000038146973,0.6710000038146973,109500
2019-10-25,0.6899999976158142,0.7160000205039978,0.6499999761581421,0.6819999814033508,0.6819999814033508,213800
2019-10-28,0.6800000071525574,0.7099999785423279,0.6499999761581421,0.6800000071525574,0.6800000071525574,88800
2019-10-29,0.6700000166893005,0.6800000071525574,0.6499999761581421,0.652999997138977,0.652999997138977,214700
2019-10-30,0.6600000262260437,0.699999988079071,0.6449999809265137,0.652999997138977,0.652999997138977,70600
2019-10-31,0.6600000262260437,0.6899999976158142,0.6499999761581421,0.6570000052452087,0.6570000052452087,203000
2019-11-01,0.6800000071525574,0.75,0.6600000262260437,0.7120000123977661,0.7120000123977661,277500
2019-11-04,0.718999981880188,0.8190000057220459,0.718999981880188,0.7799999713897705,0.7799999713897705,294400
2019-11-05,0.8069999814033508,0.8500000238418579,0.7599999904632568,0.7900000214576721,0.7900000214576721,213100
2019-11-06,0.800000011920929,0.8299999833106995,0.7279999852180481,0.7419999837875366,0.7419999837875366,154400
2019-11-07,0.7540000081062317,0.800000011920929,0.6399999856948853,0.6940000057220459,0.6940000057220459,425200
2019-11-08,0.6650000214576721,0.6899999976158142,0.6499999761581421,0.6499999761581421,0.6499999761581421,146500
2019-11-11,0.6499999761581421,0.6700000166893005,0.6399999856948853,0.6639999747276306,0.6639999747276306,114300
2019-11-12,0.6639999747276306,0.6639999747276306,0.6200000047683716,0.6499999761581421,0.6499999761581421,180400
2019-11-13,0.6499999761581421,0.6499999761581421,0.6000000238418579,0.6100000143051147,0.6100000143051147,265700
2019-11-14,0.6299999952316284,0.8299999833106995,0.6299999952316284,0.7749999761581421,0.7749999761581421,707500
2019-11-15,0.7940000295639038,0.843999981880188,0.7400000095367432,0.7910000085830688,0.7910000085830688,395300
2019-11-18,0.8299999833106995,0.8899999856948853,0.7850000262260437,0.800000011920929,0.800000011920929,385900
2019-11-19,0.8059999942779541,0.8600000143051147,0.7900000214576721,0.7900000214576721,0.7900000214576721,265400
2019-11-20,0.8199999928474426,0.8199999928474426,0.7099999785423279,0.722000002861023,0.722000002861023,265400
2019-11-21,0.7699999809265137,0.7900000214576721,0.7099999785423279,0.7099999785423279,0.7099999785423279,183400
2019-11-22,0.7350000143051147,0.7350000143051147,0.6909999847412109,0.7120000123977661,0.7120000123977661,132100
2019-11-25,0.75,0.7900000214576721,0.6800000071525574,0.6809999942779541,0.6809999942779541,285800
2019-11-26,0.7139999866485596,0.7160000205039978,0.6119999885559082,0.6470000147819519,0.6470000147819519,291000
2019-11-27,0.6600000262260437,0.699999988079071,0.6399999856948853,0.6809999942779541,0.6809999942779541,218500
2019-11-29,0.699999988079071,0.699999988079071,0.6499999761581421,0.6600000262260437,0.6600000262260437,78700
2019-12-02,0.6769999861717224,0.7689999938011169,0.6700000166893005,0.7170000076293945,0.7170000076293945,320200
2019-12-03,0.7350000143051147,0.7599999904632568,0.699999988079071,0.7400000095367432,0.7400000095367432,141900
2019-12-04,0.7699999809265137,0.7699999809265137,0.7400000095367432,0.753000020980835,0.753000020980835,133600
2019-12-05,0.7540000081062317,0.7699999809265137,0.75,0.753000020980835,0.753000020980835,71700
2019-12-06,0.75,0.7900000214576721,0.75,0.7649999856948853,0.7649999856948853,76100
2019-12-09,0.7900000214576721,0.8199999928474426,0.7699999809265137,0.8050000071525574,0.8050000071525574,161500
2019-12-10,0.8100000023841858,0.8100000023841858,0.7400000095367432,0.7699999809265137,0.7699999809265137,133600
2019-12-11,0.7409999966621399,0.800000011920929,0.7400000095367432,0.7400000095367432,0.7400000095367432,98400
2019-12-12,0.7799999713897705,0.8100000023841858,0.7400000095367432,0.7889999747276306,0.7889999747276306,246400
2019-12-13,0.800000011920929,0.8460000157356262,0.7599999904632568,0.7720000147819519,0.7720000147819519,347200
2019-12-16,0.8100000023841858,0.8399999737739563,0.7960000038146973,0.8299999833106995,0.8299999833106995,444400
2019-12-17,0.8450000286102295,0.9900000095367432,0.8399999737739563,0.8999999761581421,0.8999999761581421,1065200
2019-12-18,0.9100000262260437,1.0,0.9010000228881836,0.9509999752044678,0.9509999752044678,518700
2019-12-19,1.0199999809265137,1.0499999523162842,0.984000027179718,0.9950000047683716,0.9950000047683716,439100
2019-12-20,1.0,1.1299999952316284,0.949999988079071,1.1299999952316284,1.1299999952316284,429000
2019-12-23,1.100000023841858,1.100000023841858,0.9079999923706055,1.0099999904632568,1.0099999904632568,612600
2019-12-24,1.0,1.090000033378601,0.9900000095367432,1.0199999809265137,1.0199999809265137,241700
2019-12-26,1.0199999809265137,1.0640000104904175,1.0,1.059999942779541,1.059999942779541,190000
2019-12-27,1.0800000429153442,1.1200000047683716,1.0199999809265137,1.1100000143051147,1.1100000143051147,204400
2019-12-30,1.1100000143051147,1.1100000143051147,1.0299999713897705,1.0499999523162842,1.0499999523162842,274700
2019-12-31,1.059999942779541,1.0679999589920044,1.0,1.0399999618530273,1.0399999618530273,390400
2020-01-02,1.0499999523162842,1.090000033378601,0.9900000095367432,1.0299999713897705,1.0299999713897705,238400
2020-01-03,1.0099999904632568,1.0299999713897705,1.0,1.0,1.0,175500
2020-01-06,1.0199999809265137,1.0499999523162842,0.9800000190734863,1.0499999523162842,1.0499999523162842,338000
2020-01-07,1.0499999523162842,1.5499999523162842,1.0199999809265137,1.3200000524520874,1.3200000524520874,1688800
2020-01-08,1.3200000524520874,1.4299999475479126,1.1699999570846558,1.2000000476837158,1.2000000476837158,497600
2020-01-09,1.25,1.4500000476837158,1.2100000381469727,1.4199999570846558,1.4199999570846558,795700
2020-01-10,1.7000000476837158,1.937999963760376,1.5,1.7200000286102295,1.7200000286102295,5890900
2020-01-13,1.7200000286102295,1.7200000286102295,1.4700000286102295,1.690000057220459,1.690000057220459,2310800
2020-01-14,1.5,1.5080000162124634,1.2000000476837158,1.350000023841858,1.350000023841858,1669600
2020-01-15,1.2999999523162842,1.3200000524520874,1.1200000047683716,1.2200000286102295,1.2200000286102295,1504100
2020-01-16,1.1799999475479126,1.2100000381469727,1.100000023841858,1.149999976158142,1.149999976158142,748000
2020-01-17,1.1799999475479126,1.25,1.1180000305175781,1.159999966621399,1.159999966621399,748400
2020-01-21,1.100000023841858,1.159999966621399,1.0700000524520874,1.100000023841858,1.100000023841858,689700
2020-01-22,1.100000023841858,1.2200000286102295,1.0800000429153442,1.1100000143051147,1.1100000143051147,1099000
2020-01-23,1.100000023841858,1.1200000047683716,1.0499999523162842,1.0809999704360962,1.0809999704360962,426900
2020-01-24,1.1299999952316284,1.1299999952316284,1.0499999523162842,1.0499999523162842,1.0499999523162842,373800
2020-01-27,1.0299999713897705,1.0399999618530273,0.9599999785423279,1.0199999809265137,1.0199999809265137,549100
2020-01-28,0.9800000190734863,1.059999942779541,0.9800000190734863,1.0299999713897705,1.0299999713897705,152100
2020-01-29,1.0299999713897705,1.059999942779541,0.9950000047683716,1.0199999809265137,1.0199999809265137,215500
2020-01-30,1.0,1.0099999904632568,0.8399999737739563,0.9089999794960022,0.9089999794960022,852500
2020-01-31,0.9359999895095825,0.968999981880188,0.9200000166893005,0.9459999799728394,0.9459999799728394,217400
2020-02-03,0.9900000095367432,1.0800000429153442,0.9700000286102295,1.0399999618530273,1.0399999618530273,483000
2020-02-04,1.059999942779541,1.1100000143051147,1.0399999618530273,1.059999942779541,1.059999942779541,334000
2020-02-05,1.059999942779541,1.059999942779541,1.0099999904632568,1.0099999904632568,1.0099999904632568,108000
2020-02-06,1.0,1.0399999618530273,0.9900000095367432,1.0,1.0,202300
2020-02-07,1.0,1.0199999809265137,0.9599999785423279,0.9900000095367432,0.9900000095367432,155900
2020-02-10,0.972000002861023,0.9800000190734863,0.8830000162124634,0.9449999928474426,0.9449999928474426,405900
2020-02-11,0.9200000166893005,0.9700000286102295,0.8999999761581421,0.9419999718666077,0.9419999718666077,164700
2020-02-12,0.921999990940094,0.9700000286102295,0.9100000262260437,0.9340000152587891,0.9340000152587891,175600
2020-02-13,0.949999988079071,0.9599999785423279,0.8999999761581421,0.9110000133514404,0.9110000133514404,215800
2020-02-14,0.9399999976158142,0.9629999995231628,0.8999999761581421,0.925000011920929,0.925000011920929,201600
2020-02-18,0.9700000286102295,0.9800000190734863,0.9309999942779541,0.9700000286102295,0.9700000286102295,264600
2020-02-19,1.0,1.0099999904632568,0.949999988079071,0.968999981880188,0.968999981880188,132900
2020-02-20,1.0,1.0,0.9120000004768372,0.9390000104904175,0.9390000104904175,211900
2020-02-21,0.9679999947547913,0.9679999947547913,0.8999999761581421,0.9089999794960022,0.9089999794960022,184800
2020-02-24,0.9100000262260437,0.9100000262260437,0.7910000085830688,0.8220000267028809,0.8220000267028809,390900
2020-02-25,0.8399999737739563,0.8679999709129333,0.8199999928474426,0.8399999737739563,0.8399999737739563,135800
2020-02-26,0.8399999737739563,0.8600000143051147,0.8040000200271606,0.8149999976158142,0.8149999976158142,150700
2020-02-27,0.8149999976158142,0.8500000238418579,0.7099999785423279,0.75,0.75,349300
2020-02-28,0.75,0.8500000238418579,0.75,0.8230000138282776,0.8230000138282776,161700
2020-03-02,0.8270000219345093,0.8500000238418579,0.7699999809265137,0.781000018119812,0.781000018119812,124400
2020-03-03,0.800000011920929,0.847000002861023,0.7910000085830688,0.8100000023841858,0.8100000023841858,94700
2020-03-04,0.8230000138282776,0.8899999856948853,0.8199999928474426,0.8600000143051147,0.8600000143051147,274000
2020-03-05,0.8579999804496765,0.8579999804496765,0.7749999761581421,0.8100000023841858,0.8100000023841858,129700
2020-03-06,0.8100000023841858,0.8100000023841858,0.765999972820282,0.7799999713897705,0.7799999713897705,132500
2020-03-09,0.75,0.75,0.6299999952316284,0.7099999785423279,0.7099999785423279,186000
2020-03-10,0.7300000190734863,0.7300000190734863,0.6700000166893005,0.6899999976158142,0.6899999976158142,98600
2020-03-11,0.6869999766349792,0.699999988079071,0.6000000238418579,0.6150000095367432,0.6150000095367432,183300
2020-03-12,0.44999998807907104,0.6000000238418579,0.3709999918937683,0.5120000243186951,0.5120000243186951,359300
2020-03-13,0.5899999737739563,0.5899999737739563,0.5,0.550000011920929,0.550000011920929,170600
2020-03-16,0.49000000953674316,0.5460000038146973,0.46000000834465027,0.5,0.5,244000
2020-03-17,0.5249999761581421,0.5799999833106995,0.5,0.5699999928474426,0.5699999928474426,210200
2020-03-18,0.5799999833106995,0.5899999737739563,0.5199999809265137,0.5699999928474426,0.5699999928474426,139700
2020-03-19,0.6209999918937683,0.6600000262260437,0.5989999771118164,0.6000000238418579,0.6000000238418579,145300
2020-03-20,0.6299999952316284,0.6499999761581421,0.6000000238418579,0.6330000162124634,0.6330000162124634,169100
2020-03-23,0.6200000047683716,0.6399999856948853,0.5220000147819519,0.6000000238418579,0.6000000238418579,82600
2020-03-24,0.5839999914169312,0.6399999856948853,0.550000011920929,0.5899999737739563,0.5899999737739563,328900
2020-03-25,0.6100000143051147,0.6200000047683716,0.5299999713897705,0.5699999928474426,0.5699999928474426,295800
2020-03-26,0.5799999833106995,0.6000000238418579,0.5509999990463257,0.5630000233650208,0.5630000233650208,170800
2020-03-27,0.5509999990463257,0.6200000047683716,0.5509999990463257,0.5680000185966492,0.5680000185966492,99700
2020-03-30,0.5699999928474426,0.6100000143051147,0.5600000023841858,0.5709999799728394,0.5709999799728394,61900
2020-03-31,0.5960000157356262,0.6399999856948853,0.5799999833106995,0.5799999833106995,0.5799999833106995,90400
2020-04-01,0.5799999833106995,0.75,0.5400000214576721,0.5690000057220459,0.5690000057220459,857200
2020-04-02,0.5400000214576721,0.5849999785423279,0.5099999904632568,0.5400000214576721,0.5400000214576721,172800
2020-04-03,0.5249999761581421,0.5899999737739563,0.5210000276565552,0.5479999780654907,0.5479999780654907,63500
2020-04-06,0.5600000023841858,0.5899999737739563,0.5600000023841858,0.5799999833106995,0.5799999833106995,124700
2020-04-07,0.5899999737739563,0.6299999952316284,0.5609999895095825,0.5699999928474426,0.5699999928474426,104800
2020-04-08,0.5619999766349792,0.5699999928474426,0.5529999732971191,0.5600000023841858,0.5600000023841858,91500
2020-04-09,0.5899999737739563,0.6499999761581421,0.5799999833106995,0.6100000143051147,0.6100000143051147,419800
2020-04-13,0.6299999952316284,0.6800000071525574,0.6100000143051147,0.6449999809265137,0.6449999809265137,394700
2020-04-14,0.6800000071525574,0.6949999928474426,0.6110000014305115,0.6200000047683716,0.6200000047683716,264500
2020-04-15,0.6169999837875366,0.6499999761581421,0.5730000138282776,0.5799999833106995,0.5799999833106995,370200
2020-04-16,0.5989999771118164,0.8500000238418579,0.5630000233650208,0.6800000071525574,0.6800000071525574,1433000
2020-04-17,0.6299999952316284,0.699999988079071,0.6110000014305115,0.6600000262260437,0.6600000262260437,240600
2020-04-20,0.675000011920929,0.7680000066757202,0.6110000014305115,0.6549999713897705,0.6549999713897705,198400
2020-04-21,0.6589999794960022,0.6800000071525574,0.5799999833106995,0.5950000286102295,0.5950000286102295,318000
2020-04-22,0.6499999761581421,0.6790000200271606,0.5709999799728394,0.5799999833106995,0.5799999833106995,407700
2020-04-23,0.6000000238418579,0.6200000047683716,0.5809999704360962,0.5860000252723694,0.5860000252723694,213400
2020-04-24,0.6000000238418579,0.6200000047683716,0.5759999752044678,0.5799999833106995,0.5799999833106995,327600
2020-04-27,0.5899999737739563,0.6129999756813049,0.578000009059906,0.5899999737739563,0.5899999737739563,247800
2020-04-28,0.6200000047683716,0.6200000047683716,0.5809999704360962,0.5870000123977661,0.5870000123977661,168900
2020-04-29,0.6800000071525574,0.6800000071525574,0.6000000238418579,0.6119999885559082,0.6119999885559082,804600
2020-04-30,0.6399999856948853,0.6600000262260437,0.6100000143051147,0.6299999952316284,0.6299999952316284,478000
2020-05-01,0.6290000081062317,0.6499999761581421,0.6000000238418579,0.6079999804496765,0.6079999804496765,375300
2020-05-04,0.6100000143051147,0.6600000262260437,0.6100000143051147,0.6579999923706055,0.6579999923706055,191900
2020-05-05,0.6769999861717224,0.7200000286102295,0.6330000162124634,0.6800000071525574,0.6800000071525574,399700
2020-05-06,0.7059999704360962,0.8100000023841858,0.699999988079071,0.7369999885559082,0.7369999885559082,539600
2020-05-07,0.7770000100135803,0.8389999866485596,0.7300000190734863,0.7590000033378601,0.7590000033378601,315200
2020-05-08,0.7990000247955322,0.7990000247955322,0.7319999933242798,0.7319999933242798,0.7319999933242798,255600
2020-05-11,0.7319999933242798,0.8199999928474426,0.7319999933242798,0.8100000023841858,0.8100000023841858,324800
2020-05-12,0.8100000023841858,0.9800000190734863,0.8100000023841858,0.9100000262260437,0.9100000262260437,832900
2020-05-13,0.9200000166893005,0.9399999976158142,0.8199999928474426,0.8880000114440918,0.8880000114440918,356000
2020-05-14,0.871999979019165,0.8830000162124634,0.7599999904632568,0.8119999766349792,0.8119999766349792,264200
2020-05-15,0.7799999713897705,0.8999999761581421,0.7620000243186951,0.8190000057220459,0.8190000057220459,160600
2020-05-18,0.8550000190734863,0.949999988079071,0.8199999928474426,0.9160000085830688,0.9160000085830688,388000
2020-05-19,0.906000018119812,0.9399999976158142,0.8799999952316284,0.9200000166893005,0.9200000166893005,139300
2020-05-20,0.949999988079071,1.0700000524520874,0.8899999856948853,0.9100000262260437,0.9100000262260437,455100
2020-05-21,0.890999972820282,0.9399999976158142,0.890999972820282,0.9100000262260437,0.9100000262260437,129200
2020-05-22,0.9200000166893005,0.949999988079071,0.8500000238418579,0.8999999761581421,0.8999999761581421,253100
2020-05-26,0.8999999761581421,0.9300000071525574,0.8299999833106995,0.8450000286102295,0.8450000286102295,222700
2020-05-27,0.8579999804496765,0.8579999804496765,0.781000018119812,0.8190000057220459,0.8190000057220459,204100
2020-05-28,0.8199999928474426,0.8500000238418579,0.8009999990463257,0.8199999928474426,0.8199999928474426,130300
2020-05-29,0.8600000143051147,0.8600000143051147,0.7699999809265137,0.8029999732971191,0.8029999732971191,276500
2020-06-01,0.8029999732971191,0.8100000023841858,0.7710000276565552,0.800000011920929,0.800000011920929,327100
2020-06-02,0.8119999766349792,0.8600000143051147,0.8009999990463257,0.8500000238418579,0.8500000238418579,141500
2020-06-03,0.843999981880188,0.9210000038146973,0.8199999928474426,0.9100000262260437,0.9100000262260437,351600
2020-06-04,0.9100000262260437,0.9580000042915344,0.8550000190734863,0.9399999976158142,0.9399999976158142,275900
2020-06-05,0.9390000104904175,1.0,0.8809999823570251,0.9070000052452087,0.9070000052452087,274900
2020-06-08,0.9449999928474426,0.9900000095367432,0.8970000147819519,0.9599999785423279,0.9599999785423279,529600
2020-06-09,0.949999988079071,1.190000057220459,0.8700000047683716,1.0199999809265137,1.0199999809265137,1010900
2020-06-10,1.0700000524520874,1.0700000524520874,0.9240000247955322,0.9940000176429749,0.9940000176429749,239400
2020-06-11,0.9380000233650208,0.9919999837875366,0.8999999761581421,0.9380000233650208,0.9380000233650208,229400
2020-06-12,0.921999990940094,0.9800000190734863,0.8999999761581421,0.9279999732971191,0.9279999732971191,146000
2020-06-15,0.8999999761581421,0.9620000123977661,0.8999999761581421,0.9399999976158142,0.9399999976158142,179800
2020-06-16,0.9869999885559082,0.9869999885559082,0.9409999847412109,0.9670000076293945,0.9670000076293945,73900
2020-06-17,0.9639999866485596,0.9900000095367432,0.9100000262260437,0.949999988079071,0.949999988079071,77000
2020-06-18,0.9539999961853027,0.9800000190734863,0.9200000166893005,0.9200000166893005,0.9200000166893005,76900
2020-06-19,0.9340000152587891,1.0099999904632568,0.9200000166893005,0.9200000166893005,0.9200000166893005,231100
2020-06-22,0.9300000071525574,0.9599999785423279,0.8700000047683716,0.8999999761581421,0.8999999761581421,124400
2020-06-23,0.8999999761581421,0.9449999928474426,0.8799999952316284,0.8899999856948853,0.8899999856948853,133300
2020-06-24,0.8899999856948853,0.9430000185966492,0.875,0.9200000166893005,0.9200000166893005,193300
2020-06-25,0.9399999976158142,0.9599999785423279,0.9200000166893005,0.9300000071525574,0.9300000071525574,166700
2020-06-26,0.9259999990463257,0.9350000023841858,0.8999999761581421,0.8999999761581421,0.8999999761581421,137300
2020-06-29,0.9100000262260437,0.9350000023841858,0.8999999761581421,0.8999999761581421,0.8999999761581421,152400
2020-06-30,0.9100000262260437,0.9200000166893005,0.8769999742507935,0.906000018119812,0.906000018119812,132600
2020-07-01,0.9100000262260437,0.9200000166893005,0.8899999856948853,0.8999999761581421,0.8999999761581421,99200
2020-07-02,0.8999999761581421,0.9100000262260437,0.8700000047683716,0.8970000147819519,0.8970000147819519,212700
2020-07-06,0.8799999952316284,0.8899999856948853,0.7799999713897705,0.8299999833106995,0.8299999833106995,282100
2020-07-07,0.8199999928474426,0.8740000128746033,0.8100000023841858,0.8500000238418579,0.8500000238418579,73000
2020-07-08,0.8299999833106995,0.9100000262260437,0.8299999833106995,0.8349999785423279,0.8349999785423279,76200
2020-07-09,0.8500000238418579,0.8960000276565552,0.8199999928474426,0.8349999785423279,0.8349999785423279,82500
2020-07-10,0.8360000252723694,0.8700000047683716,0.824999988079071,0.8500000238418579,0.8500000238418579,56000
2020-07-13,0.8550000190734863,0.8669999837875366,0.8199999928474426,0.8389999866485596,0.8389999866485596,87900
2020-07-14,0.8450000286102295,0.8550000190734863,0.8100000023841858,0.8180000185966492,0.8180000185966492,66600
2020-07-15,0.8100000023841858,0.8399999737739563,0.800000011920929,0.828000009059906,0.828000009059906,40800
2020-07-16,0.8199999928474426,0.8550000190734863,0.8199999928474426,0.8500000238418579,0.8500000238418579,77400
2020-07-17,0.8560000061988831,0.9300000071525574,0.8450000286102295,0.9279999732971191,0.9279999732971191,237100
2020-07-20,0.9900000095367432,1.065000057220459,0.9010000228881836,0.9700000286102295,0.9700000286102295,545000
2020-07-21,1.0,1.059999942779541,0.925000011920929,1.0499999523162842,1.0499999523162842,435300
2020-07-22,1.0800000429153442,1.2999999523162842,1.0509999990463257,1.149999976158142,1.149999976158142,1295100
2020-07-23,1.159999966621399,1.2410000562667847,1.149999976158142,1.149999976158142,1.149999976158142,338300
2020-07-24,1.2000000476837158,1.2000000476837158,1.100000023841858,1.159999966621399,1.159999966621399,175200
2020-07-27,1.1399999856948853,1.190000057220459,1.090000033378601,1.1100000143051147,1.1100000143051147,289700
2020-07-28,1.0399999618530273,1.0499999523162842,0.9200000166893005,0.9750000238418579,0.9750000238418579,691300
2020-07-29,0.9800000190734863,1.0399999618530273,0.949999988079071,0.9700000286102295,0.9700000286102295,189800
2020-07-30,0.9860000014305115,1.0,0.9599999785423279,0.9800000190734863,0.9800000190734863,89000
2020-07-31,0.9919999837875366,1.0160000324249268,0.9520000219345093,0.9700000286102295,0.9700000286102295,171700
2020-08-03,1.0199999809265137,1.0499999523162842,0.9800000190734863,1.0099999904632568,1.0099999904632568,113500
2020-08-04,1.0,1.059999942779541,1.0,1.0299999713897705,1.0299999713897705,117900
2020-08-05,1.0199999809265137,1.100000023841858,1.0199999809265137,1.0800000429153442,1.0800000429153442,154700
2020-08-06,1.059999942779541,1.1100000143051147,1.0499999523162842,1.090000033378601,1.090000033378601,171900
2020-08-07,1.1100000143051147,1.190000057220459,1.0959999561309814,1.1699999570846558,1.1699999570846558,385700
2020-08-10,1.0,1.0399999618530273,0.9100000262260437,0.953000009059906,0.953000009059906,1820500
2020-08-11,1.0499999523162842,1.0499999523162842,0.953000009059906,1.027999997138977,1.027999997138977,3419500
2020-08-12,1.0800000429153442,1.2999999523162842,0.906000018119812,1.1299999952316284,1.1299999952316284,5271000
2020-08-13,1.0399999618530273,1.0700000524520874,0.9599999785423279,0.9900000095367432,0.9900000095367432,963400
2020-08-14,0.9900000095367432,1.0,0.9279999732971191,0.9300000071525574,0.9300000071525574,409400
2020-08-17,0.949999988079071,0.9800000190734863,0.9100000262260437,0.9350000023841858,0.9350000023841858,329200
2020-08-18,0.9750000238418579,0.9750000238418579,0.8610000014305115,0.8899999856948853,0.8899999856948853,392200
2020-08-19,0.8650000095367432,0.9100000262260437,0.8650000095367432,0.8830000162124634,0.8830000162124634,199000
2020-08-20,0.8899999856948853,0.8899999856948853,0.8500000238418579,0.8569999933242798,0.8569999933242798,193800
2020-08-21,0.8899999856948853,0.8899999856948853,0.8479999899864197,0.8600000143051147,0.8600000143051147,198800
2020-08-24,0.8799999952316284,0.8799999952316284,0.7720000147819519,0.8059999942779541,0.8059999942779541,407200
2020-08-25,0.8059999942779541,0.8220000267028809,0.8019999861717224,0.8159999847412109,0.8159999847412109,156200
2020-08-26,0.8130000233650208,0.8299999833106995,0.7599999904632568,0.7699999809265137,0.7699999809265137,452300
2020-08-27,0.7699999809265137,0.8029999732971191,0.7689999938011169,0.7799999713897705,0.7799999713897705,186800
2020-08-28,0.7799999713897705,0.8920000195503235,0.7799999713897705,0.8399999737739563,0.8399999737739563,372900
2020-08-31,0.8600000143051147,0.8650000095367432,0.8029999732971191,0.8199999928474426,0.8199999928474426,97800
2020-09-01,0.7900000214576721,0.8379999995231628,0.7900000214576721,0.8109999895095825,0.8109999895095825,98800
2020-09-02,0.8109999895095825,0.8539999723434448,0.8100000023841858,0.8100000023841858,0.8100000023841858,48600
2020-09-03,0.8230000138282776,0.8230000138282776,0.800000011920929,0.8040000200271606,0.8040000200271606,77300
2020-09-04,0.8059999942779541,0.8159999847412109,0.7760000228881836,0.800000011920929,0.800000011920929,166400
2020-09-08,0.800000011920929,0.800000011920929,0.7200000286102295,0.7310000061988831,0.7310000061988831,553600
2020-09-09,0.7440000176429749,0.7870000004768372,0.7300000190734863,0.753000020980835,0.753000020980835,150500
2020-09-10,0.8100000023841858,0.8100000023841858,0.7350000143051147,0.7350000143051147,0.7350000143051147,267200
2020-09-11,0.7409999966621399,0.777999997138977,0.7110000252723694,0.7200000286102295,0.7200000286102295,103500
2020-09-14,0.7049999833106995,0.75,0.7049999833106995,0.7200000286102295,0.7200000286102295,91000
2020-09-15,0.7409999966621399,0.7799999713897705,0.7239999771118164,0.7699999809265137,0.7699999809265137,174900
2020-09-16,0.7900000214576721,0.800000011920929,0.7419999837875366,0.7950000166893005,0.7950000166893005,69300
2020-09-17,0.8100000023841858,0.8500000238418579,0.8100000023841858,0.824999988079071,0.824999988079071,224100
2020-09-18,0.7200000286102295,0.8259999752044678,0.7099999785423279,0.8149999976158142,0.8149999976158142,578400
2020-09-21,0.7599999904632568,0.800000011920929,0.7319999933242798,0.7599999904632568,0.7599999904632568,172400
2020-09-22,0.7599999904632568,0.7860000133514404,0.7319999933242798,0.7599999904632568,0.7599999904632568,53700
2020-09-23,0.7739999890327454,0.7739999890327454,0.7319999933242798,0.7540000081062317,0.7540000081062317,88900
2020-09-24,0.75,0.7599999904632568,0.7200000286102295,0.7350000143051147,0.7350000143051147,120100
2020-09-25,0.7379999756813049,0.7580000162124634,0.6499999761581421,0.722000002861023,0.722000002861023,195600
2020-09-28,0.75,0.75,0.7200000286102295,0.7400000095367432,0.7400000095367432,88400
2020-09-29,0.8149999976158142,0.8149999976158142,0.7200000286102295,0.7239999771118164,0.7239999771118164,172900
2020-09-30,0.7200000286102295,0.7559999823570251,0.699999988079071,0.7110000252723694,0.7110000252723694,125700
2020-10-01,0.7300000190734863,0.7400000095367432,0.6959999799728394,0.6959999799728394,0.6959999799728394,149900
2020-10-02,0.6980000138282776,0.7400000095367432,0.6980000138282776,0.7160000205039978,0.7160000205039978,65100
2020-10-05,0.7099999785423279,0.7429999709129333,0.7049999833106995,0.7300000190734863,0.7300000190734863,88700
2020-10-06,0.7329999804496765,0.7599999904632568,0.7329999804496765,0.7450000047683716,0.7450000047683716,84800
2020-10-07,0.7509999871253967,0.7509999871253967,0.7300000190734863,0.7450000047683716,0.7450000047683716,62800
2020-10-08,0.75,0.800000011920929,0.75,0.7839999794960022,0.7839999794960022,192200
2020-10-09,0.7900000214576721,0.8130000233650208,0.7749999761581421,0.7749999761581421,0.7749999761581421,133200
2020-10-12,0.7799999713897705,0.7900000214576721,0.7599999904632568,0.7599999904632568,0.7599999904632568,83900
2020-10-13,0.7699999809265137,0.7879999876022339,0.7599999904632568,0.7770000100135803,0.7770000100135803,85800
2020-10-14,0.781000018119812,0.8100000023841858,0.7699999809265137,0.7799999713897705,0.7799999713897705,346700
2020-10-15,0.7799999713897705,0.8050000071525574,0.7639999985694885,0.7900000214576721,0.7900000214576721,113100
2020-10-16,0.7889999747276306,0.7900000214576721,0.7599999904632568,0.7680000066757202,0.7680000066757202,74200
2020-10-19,0.7699999809265137,0.7799999713897705,0.7599999904632568,0.7760000228881836,0.7760000228881836,82200
2020-10-20,0.7739999890327454,0.800000011920929,0.7599999904632568,0.800000011920929,0.800000011920929,146900
2020-10-21,0.800000011920929,0.8429999947547913,0.7889999747276306,0.824999988079071,0.824999988079071,308100
2020-10-22,0.824999988079071,0.824999988079071,0.7900000214576721,0.7900000214576721,0.7900000214576721,100700
2020-10-23,0.8040000200271606,0.8040000200271606,0.7799999713897705,0.8009999990463257,0.8009999990463257,25000
2020-10-26,0.7979999780654907,0.800000011920929,0.7599999904632568,0.7799999713897705,0.7799999713897705,26500
2020-10-27,0.7639999985694885,0.7929999828338623,0.7599999904632568,0.7900000214576721,0.7900000214576721,61200
2020-10-28,0.7820000052452087,0.7990000247955322,0.75,0.7799999713897705,0.7799999713897705,125700
2020-10-29,0.7670000195503235,0.8009999990463257,0.7049999833106995,0.7400000095367432,0.7400000095367432,360400
2020-10-30,0.7450000047683716,0.765999972820282,0.7089999914169312,0.7269999980926514,0.7269999980926514,132500
2020-11-02,0.734000027179718,0.7369999885559082,0.699999988079071,0.7200000286102295,0.7200000286102295,138600
2020-11-03,0.7099999785423279,0.7200000286102295,0.6800000071525574,0.699999988079071,0.699999988079071,80100
2020-11-04,0.6919999718666077,0.7229999899864197,0.6899999976158142,0.7089999914169312,0.7089999914169312,16600
2020-11-05,0.7170000076293945,0.7400000095367432,0.699999988079071,0.7269999980926514,0.7269999980926514,99100
2020-11-06,0.7049999833106995,0.7400000095367432,0.699999988079071,0.7239999771118164,0.7239999771118164,39300
2020-11-09,0.7170000076293945,0.7400000095367432,0.6899999976158142,0.7269999980926514,0.7269999980926514,168300
2020-11-10,0.746999979019165,0.746999979019165,0.7049999833106995,0.7149999737739563,0.7149999737739563,143000
2020-11-11,0.699999988079071,0.7429999709129333,0.699999988079071,0.7300000190734863,0.7300000190734863,58600
2020-11-12,0.7099999785423279,0.7400000095367432,0.7099999785423279,0.718999981880188,0.718999981880188,87500
2020-11-13,0.7300000190734863,0.7429999709129333,0.7200000286102295,0.7300000190734863,0.7300000190734863,92100
2020-11-16,0.7200000286102295,0.7300000190734863,0.6899999976158142,0.7009999752044678,0.7009999752044678,301900
2020-11-17,0.7379999756813049,0.7379999756813049,0.6700000166893005,0.699999988079071,0.699999988079071,211500
2020-11-18,0.7200000286102295,0.7400000095367432,0.6899999976158142,0.7329999804496765,0.7329999804496765,226700
2020-11-19,0.7329999804496765,0.8009999990463257,0.7329999804496765,0.777999997138977,0.777999997138977,165700
2020-11-20,0.781000018119812,0.8199999928474426,0.765999972820282,0.7749999761581421,0.7749999761581421,125400
2020-11-23,0.7699999809265137,0.8100000023841858,0.7409999966621399,0.7760000228881836,0.7760000228881836,269400
2020-11-24,0.7789999842643738,0.7910000085830688,0.7639999985694885,0.7799999713897705,0.7799999713897705,100200
2020-11-25,0.800000011920929,0.800000011920929,0.7799999713897705,0.781000018119812,0.781000018119812,82700
2020-11-27,0.7799999713897705,0.7950000166893005,0.7519999742507935,0.7749999761581421,0.7749999761581421,73700
2020-11-30,0.8100000023841858,0.8180000185966492,0.7699999809265137,0.7940000295639038,0.7940000295639038,291500
2020-12-01,0.7940000295639038,0.8059999942779541,0.7900000214576721,0.7929999828338623,0.7929999828338623,72500
2020-12-02,0.7900000214576721,0.7950000166893005,0.7699999809265137,0.7770000100135803,0.7770000100135803,59400
2020-12-03,0.7850000262260437,0.7910000085830688,0.7649999856948853,0.7910000085830688,0.7910000085830688,133600
2020-12-04,0.7870000004768372,0.8700000047683716,0.7699999809265137,0.7749999761581421,0.7749999761581421,1025100
2020-12-07,0.7710000276565552,0.828000009059906,0.7599999904632568,0.7710000276565552,0.7710000276565552,160500
2020-12-08,0.7699999809265137,0.7900000214576721,0.7599999904632568,0.7829999923706055,0.7829999923706055,73000
2020-12-09,0.7900000214576721,0.7919999957084656,0.75,0.7599999904632568,0.7599999904632568,163500
2020-12-10,0.75,0.7599999904632568,0.7450000047683716,0.7599999904632568,0.7599999904632568,107500
2020-12-11,0.7599999904632568,0.7699999809265137,0.7319999933242798,0.7400000095367432,0.7400000095367432,114800
2020-12-14,0.7300000190734863,0.800000011920929,0.7300000190734863,0.7549999952316284,0.7549999952316284,261900
2020-12-15,0.7670000195503235,0.7950000166893005,0.765999972820282,0.7829999923706055,0.7829999923706055,74100
2020-12-16,0.7979999780654907,0.8489999771118164,0.7979999780654907,0.8159999847412109,0.8159999847412109,411400
2020-12-17,0.8190000057220459,0.8479999899864197,0.7850000262260437,0.8100000023841858,0.8100000023841858,256900
2020-12-18,0.8100000023841858,0.8410000205039978,0.7900000214576721,0.800000011920929,0.800000011920929,338100
2020-12-21,0.7979999780654907,0.8199999928474426,0.753000020980835,0.7699999809265137,0.7699999809265137,268000
2020-12-22,0.7699999809265137,0.7919999957084656,0.7609999775886536,0.7799999713897705,0.7799999713897705,204700
2020-12-23,0.7699999809265137,0.8299999833106995,0.7609999775886536,0.800000011920929,0.800000011920929,237000
2020-12-24,0.8100000023841858,0.8100000023841858,0.7850000262260437,0.7910000085830688,0.7910000085830688,119200
2020-12-28,0.7900000214576721,0.800000011920929,0.7770000100135803,0.7900000214576721,0.7900000214576721,209700
2020-12-29,0.7910000085830688,0.8199999928474426,0.7699999809265137,0.781000018119812,0.781000018119812,313200
2020-12-30,0.7850000262260437,1.1100000143051147,0.7799999713897705,1.0399999618530273,1.0399999618530273,3283800
2020-12-31,0.9900000095367432,1.0299999713897705,0.9200000166893005,0.9700000286102295,0.9700000286102295,1894800
2021-01-04,0.8999999761581421,0.9700000286102295,0.8379999995231628,0.8999999761581421,0.8999999761581421,6751600
2021-01-05,0.8960000276565552,0.8999999761581421,0.828000009059906,0.8500000238418579,0.8500000238418579,1968500
2021-01-06,0.8259999752044678,0.8399999737739563,0.7950000166893005,0.828000009059906,0.828000009059906,2135300
2021-01-07,0.828000009059906,0.8489999771118164,0.7900000214576721,0.8159999847412109,0.8159999847412109,1216100
2021-01-08,0.859000027179718,0.890999972820282,0.8180000185966492,0.8199999928474426,0.8199999928474426,3332700
2021-01-11,0.9350000023841858,1.0199999809265137,0.8880000114440918,0.9229999780654907,0.9229999780654907,13684200
2021-01-12,1.1200000047683716,1.2400000095367432,0.9070000052452087,0.9089999794960022,0.9089999794960022,22769700
2021-01-13,0.949999988079071,0.9700000286102295,0.8529999852180481,0.9179999828338623,0.9179999828338623,6049600
2021-01-14,0.9200000166893005,0.9300000071525574,0.8410000205039978,0.8899999856948853,0.8899999856948853,3391200
2021-01-15,0.8560000061988831,0.8759999871253967,0.8450000286102295,0.8700000047683716,0.8700000047683716,2036300
2021-01-19,0.8799999952316284,0.949999988079071,0.8600000143051147,0.9100000262260437,0.9100000262260437,3986700
2021-01-20,0.9259999990463257,0.9490000009536743,0.8809999823570251,0.921999990940094,0.921999990940094,2672900
2021-01-21,1.0,1.5199999809265137,0.9399999976158142,1.2400000095367432,1.2400000095367432,73488100
2021-01-22,1.222000002861023,2.630000114440918,1.2200000286102295,1.840000033378601,1.840000033378601,179230900
2021-01-25,2.190000057220459,2.5,1.9500000476837158,2.1700000762939453,2.1700000762939453,33846000
2021-01-26,2.240000009536743,2.25,1.75,1.9900000095367432,1.9900000095367432,14440200
2021-01-27,1.7799999713897705,1.850000023841858,1.6299999952316284,1.6399999856948853,1.6399999856948853,9461200
2021-01-28,1.7380000352859497,1.75,1.4500000476837158,1.5,1.5,5215000
2021-01-29,1.5700000524520874,1.7000000476837158,1.4199999570846558,1.4600000381469727,1.4600000381469727,4114700
2021-02-01,1.5399999618530273,1.5700000524520874,1.3300000429153442,1.3700000047683716,1.3700000047683716,3951300
2021-02-02,1.440000057220459,1.7699999809265137,1.3799999952316284,1.590000033378601,1.590000033378601,16150000
2021-02-03,1.5499999523162842,1.6100000143051147,1.4600000381469727,1.590000033378601,1.590000033378601,4137400
2021-02-04,1.590000033378601,1.6299999952316284,1.5199999809265137,1.5299999713897705,1.5299999713897705,3015600
2021-02-05,1.559000015258789,1.600000023841858,1.4600000381469727,1.5399999618530273,1.5399999618530273,2788000
2021-02-08,1.5499999523162842,1.7000000476837158,1.5099999904632568,1.690000057220459,1.690000057220459,5326700
2021-02-09,2.0,2.0480000972747803,1.75,1.8200000524520874,1.8200000524520874,8688100
2021-02-10,2.009999990463257,2.0299999713897705,1.75,1.8899999856948853,1.8899999856948853,7577300
2021-02-11,1.9800000190734863,1.9900000095367432,1.7100000381469727,1.7400000095367432,1.7400000095367432,5178900
2021-02-12,1.75,1.809999942779541,1.6699999570846558,1.809999942779541,1.809999942779541,2922200
2021-02-16,1.9299999475479126,1.9299999475479126,1.7899999618530273,1.850000023841858,1.850000023841858,3843300
2021-02-17,1.850000023841858,1.8600000143051147,1.7100000381469727,1.7599999904632568,1.7599999904632568,2616700
2021-02-18,1.7000000476837158,1.7359999418258667,1.6200000047683716,1.659999966621399,1.659999966621399,2009900
2021-02-19,1.6799999475479126,1.7300000190734863,1.649999976158142,1.7100000381469727,1.7100000381469727,1447000
2021-02-22,1.6699999570846558,1.7000000476837158,1.5499999523162842,1.590000033378601,1.590000033378601,2194000
2021-02-23,1.4299999475479126,1.4800000190734863,1.253999948501587,1.4800000190734863,1.4800000190734863,2736700
2021-02-24,1.4700000286102295,1.7300000190734863,1.4500000476837158,1.690000057220459,1.690000057220459,2477100
2021-02-25,1.659999966621399,1.659999966621399,1.4800000190734863,1.5099999904632568,1.5099999904632568,2102200
2021-02-26,1.5,1.5199999809265137,1.350000023841858,1.440000057220459,1.440000057220459,1374800
2021-03-01,1.5,1.5199999809265137,1.4500000476837158,1.5,1.5,623500
2021-03-02,1.5,1.5089999437332153,1.3600000143051147,1.3899999856948853,1.3899999856948853,1433800
2021-03-03,1.399999976158142,1.4500000476837158,1.2899999618530273,1.2999999523162842,1.2999999523162842,2311400
2021-03-04,1.25,1.2999999523162842,1.1299999952316284,1.1799999475479126,1.1799999475479126,2635200
2021-03-05,1.1799999475479126,1.2400000095367432,1.059999942779541,1.2100000381469727,1.2100000381469727,1880300
2021-03-08,1.2200000286102295,1.309999942779541,1.1799999475479126,1.2100000381469727,1.2100000381469727,1280700
2021-03-09,1.2799999713897705,1.2799999713897705,1.2200000286102295,1.2400000095367432,1.2400000095367432,1617000
2021-03-10,1.2799999713897705,1.340000033378601,1.2100000381469727,1.2599999904632568,1.2599999904632568,1471900
2021-03-11,1.2899999618530273,1.2899999618530273,1.2300000190734863,1.2699999809265137,1.2699999809265137,2308500
2021-03-12,1.2699999809265137,1.399999976158142,1.2300000190734863,1.3600000143051147,1.3600000143051147,4845700
2021-03-15,1.6299999952316284,1.7100000381469727,1.4800000190734863,1.5399999618530273,1.5399999618530273,23175800
2021-03-16,1.8489999771118164,1.8600000143051147,1.600000023841858,1.6799999475479126,1.6799999475479126,26376500
2021-03-17,1.5,1.6200000047683716,1.4500000476837158,1.524999976158142,1.524999976158142,7401700
2021-03-18,1.4900000095367432,1.590000033378601,1.4600000381469727,1.4800000190734863,1.4800000190734863,3535300
2021-03-19,1.5,1.5099999904632568,1.3899999856948853,1.3899999856948853,1.3899999856948853,3235100
2021-03-22,1.4700000286102295,1.4900000095367432,1.3799999952316284,1.4299999475479126,1.4299999475479126,4005200
2021-03-23,1.4299999475479126,1.4299999475479126,1.2899999618530273,1.309999942779541,1.309999942779541,2521200
2021-03-24,1.309999942779541,1.340000033378601,1.215000033378601,1.2300000190734863,1.2300000190734863,2054900
2021-03-25,1.2000000476837158,1.350000023841858,1.1399999856948853,1.350000023841858,1.350000023841858,3094500
2021-03-26,1.309999942779541,1.399999976158142,1.25,1.309999942779541,1.309999942779541,1778100
2021-03-29,1.3300000429153442,1.3389999866485596,1.2100000381469727,1.2599999904632568,1.2599999904632568,1497600
2021-03-30,1.2799999713897705,1.2999999523162842,1.2200000286102295,1.2999999523162842,1.2999999523162842,1608000
2021-03-31,1.3799999952316284,1.3899999856948853,1.2599999904632568,1.340000033378601,1.340000033378601,17749500
2021-04-01,0.949999988079071,1.0299999713897705,0.9319999814033508,1.0199999809265137,1.0199999809265137,16652700
2021-04-05,1.0,1.0199999809265137,0.953000009059906,0.9800000190734863,0.9800000190734863,3574700
2021-04-06,0.9850000143051147,1.0199999809265137,0.9700000286102295,0.9980000257492065,0.9980000257492065,3308500
2021-04-07,0.9620000123977661,0.9800000190734863,0.9399999976158142,0.9570000171661377,0.9570000171661377,1935000
2021-04-08,0.9599999785423279,0.9599999785423279,0.9399999976158142,0.9559999704360962,0.9559999704360962,1140000
2021-04-09,0.949999988079071,0.949999988079071,0.9139999747276306,0.9300000071525574,0.9300000071525574,1509500
2021-04-12,0.8999999761581421,0.8999999761581421,0.8299999833106995,0.8450000286102295,0.8450000286102295,2480300
2021-04-13,0.800000011920929,0.8100000023841858,0.765999972820282,0.7940000295639038,0.7940000295639038,2624000
2021-04-14,0.8040000200271606,0.8600000143051147,0.7699999809265137,0.8500000238418579,0.8500000238418579,1659700
2021-04-15,0.8519999980926514,0.8600000143051147,0.800000011920929,0.8140000104904175,0.8140000104904175,1466500
2021-04-16,0.800000011920929,0.8100000023841858,0.7599999904632568,0.7940000295639038,0.7940000295639038,1601900
2021-04-19,0.8100000023841858,0.8299999833106995,0.7699999809265137,0.7839999794960022,0.7839999794960022,863200
2021-04-20,0.7749999761581421,0.9900000095367432,0.7730000019073486,0.8700000047683716,0.8700000047683716,21935800
2021-04-21,0.7649999856948853,0.8500000238418579,0.7599999904632568,0.843999981880188,0.843999981880188,3415900
2021-04-22,0.8130000233650208,0.878000020980835,0.800000011920929,0.8360000252723694,0.8360000252723694,1712200
2021-04-23,0.8320000171661377,0.8500000238418579,0.8199999928474426,0.843999981880188,0.843999981880188,1068200
2021-04-26,0.8669999837875366,0.9150000214576721,0.8309999704360962,0.8889999985694885,0.8889999985694885,2262000
2021-04-27,0.9049999713897705,1.0700000524520874,0.8740000128746033,1.0299999713897705,1.0299999713897705,15001100
2021-04-28,0.9789999723434448,0.9800000190734863,0.9049999713897705,0.9449999928474426,0.9449999928474426,5259900
2021-04-29,0.9599999785423279,0.9599999785423279,0.9120000004768372,0.9539999961853027,0.9539999961853027,1214800
2021-04-30,0.9350000023841858,0.9470000267028809,0.9100000262260437,0.9150000214576721,0.9150000214576721,1100500
2021-05-03,0.9290000200271606,0.9290000200271606,0.875,0.8949999809265137,0.8949999809265137,1497300
2021-05-04,0.8840000033378601,0.8930000066757202,0.8199999928474426,0.8500000238418579,0.8500000238418579,2372700
2021-05-05,0.8410000205039978,0.8999999761581421,0.8299999833106995,0.8320000171661377,0.8320000171661377,1985600
2021-05-06,0.8700000047683716,0.8709999918937683,0.7799999713897705,0.800000011920929,0.800000011920929,1534700
2021-05-07,0.8069999814033508,0.824999988079071,0.7900000214576721,0.8199999928474426,0.8199999928474426,703600
2021-05-10,0.800000011920929,0.8199999928474426,0.7749999761581421,0.777999997138977,0.777999997138977,892700
2021-05-11,0.7269999980926514,0.7789999842643738,0.7099999785423279,0.7519999742507935,0.7519999742507935,1034900
2021-05-12,0.7689999938011169,0.7699999809265137,0.7260000109672546,0.7300000190734863,0.7300000190734863,950300
2021-05-13,0.800000011920929,0.8059999942779541,0.699999988079071,0.7200000286102295,0.7200000286102295,2756800
2021-05-14,0.7200000286102295,0.7799999713897705,0.699999988079071,0.7799999713897705,0.7799999713897705,808500
2021-05-17,0.7699999809265137,0.7699999809265137,0.75,0.765999972820282,0.765999972820282,565400
2021-05-18,0.7649999856948853,0.8199999928474426,0.7649999856948853,0.8100000023841858,0.8100000023841858,883300
2021-05-19,0.8100000023841858,0.8100000023841858,0.7799999713897705,0.8100000023841858,0.8100000023841858,833800
2021-05-20,0.8100000023841858,0.8849999904632568,0.8019999861717224,0.8500000238418579,0.8500000238418579,1995400
2021-05-21,0.8610000014305115,0.8999999761581421,0.8500000238418579,0.8899999856948853,0.8899999856948853,956700
2021-05-24,0.8830000162124634,0.8899999856948853,0.8029999732971191,0.8240000009536743,0.8240000009536743,1034400
2021-05-25,0.800000011920929,0.843999981880188,0.800000011920929,0.828000009059906,0.828000009059906,289600
2021-05-26,0.8059999942779541,0.859000027179718,0.753000020980835,0.8370000123977661,0.8370000123977661,1357600
2021-05-27,0.8379999995231628,0.8600000143051147,0.8100000023841858,0.8379999995231628,0.8379999995231628,600200
2021-05-28,0.8299999833106995,0.8700000047683716,0.8199999928474426,0.8500000238418579,0.8500000238418579,519000
2021-06-01,0.8500000238418579,0.8700000047683716,0.8199999928474426,0.8600000143051147,0.8600000143051147,654100
2021-06-02,0.8299999833106995,0.8740000128746033,0.8299999833106995,0.8610000014305115,0.8610000014305115,757200
2021-06-03,0.8799999952316284,0.8849999904632568,0.8399999737739563,0.847000002861023,0.847000002861023,874500
2021-06-04,0.8500000238418579,0.8700000047683716,0.8479999899864197,0.859000027179718,0.859000027179718,503300
2021-06-07,0.8479999899864197,0.9700000286102295,0.8479999899864197,0.9139999747276306,0.9139999747276306,2149100
2021-06-08,0.9300000071525574,0.9350000023841858,0.8799999952316284,0.8980000019073486,0.8980000019073486,752500
2021-06-09,0.8999999761581421,0.9200000166893005,0.8849999904632568,0.8999999761581421,0.8999999761581421,1039500
2021-06-10,0.8999999761581421,0.8999999761581421,0.8610000014305115,0.8859999775886536,0.8859999775886536,854700
2021-06-11,0.8799999952316284,0.8999999761581421,0.8519999980926514,0.8519999980926514,0.8519999980926514,721200
2021-06-14,0.859000027179718,0.8849999904632568,0.8510000109672546,0.8679999709129333,0.8679999709129333,724700
2021-06-15,0.8700000047683716,0.8849999904632568,0.859000027179718,0.859000027179718,0.859000027179718,992300
2021-06-16,0.8600000143051147,0.8790000081062317,0.8309999704360962,0.8669999837875366,0.8669999837875366,907500
2021-06-17,0.8669999837875366,0.8840000033378601,0.8539999723434448,0.8730000257492065,0.8730000257492065,1276900
2021-06-18,0.8399999737739563,0.8700000047683716,0.8309999704360962,0.8349999785423279,0.8349999785423279,1214800
2021-06-21,0.8190000057220459,0.8199999928474426,0.7749999761581421,0.8029999732971191,0.8029999732971191,1570600
2021-06-22,0.7799999713897705,0.8180000185966492,0.7799999713897705,0.8180000185966492,0.8180000185966492,1018200
2021-06-23,0.8019999861717224,0.8169999718666077,0.7940000295639038,0.7950000166893005,0.7950000166893005,522200
2021-06-24,0.800000011920929,0.8199999928474426,0.7950000166893005,0.8199999928474426,0.8199999928474426,528100
2021-06-25,0.8199999928474426,0.8339999914169312,0.8009999990463257,0.8299999833106995,0.8299999833106995,756100
2021-06-28,0.8379999995231628,0.8500000238418579,0.8199999928474426,0.8299999833106995,0.8299999833106995,640900
2021-06-29,0.8199999928474426,0.8399999737739563,0.7929999828338623,0.8199999928474426,0.8199999928474426,785800
2021-06-30,0.8100000023841858,0.8220000267028809,0.8019999861717224,0.8199999928474426,0.8199999928474426,539700
2021-07-01,0.8299999833106995,0.8299999833106995,0.8040000200271606,0.8149999976158142,0.8149999976158142,565900
2021-07-02,0.800000011920929,0.8299999833106995,0.7910000085830688,0.800000011920929,0.800000011920929,744400
2021-07-06,0.800000011920929,0.8040000200271606,0.7900000214576721,0.7919999957084656,0.7919999957084656,508100
2021-07-07,0.7919999957084656,0.800000011920929,0.7699999809265137,0.7730000019073486,0.7730000019073486,802000
2021-07-08,0.7599999904632568,0.8199999928474426,0.7459999918937683,0.7540000081062317,0.7540000081062317,2970000
2021-07-09,0.75,0.7590000033378601,0.7310000061988831,0.746999979019165,0.746999979019165,1202700
2021-07-12,0.7450000047683716,0.75,0.6959999799728394,0.7200000286102295,0.7200000286102295,1325300
2021-07-13,0.699999988079071,0.7160000205039978,0.6850000023841858,0.699999988079071,0.699999988079071,720800
2021-07-14,0.7070000171661377,0.7200000286102295,0.6809999942779541,0.7149999737739563,0.7149999737739563,694800
2021-07-15,0.7300000190734863,0.7300000190734863,0.6959999799728394,0.7089999914169312,0.7089999914169312,677900
2021-07-16,0.699999988079071,0.7089999914169312,0.6800000071525574,0.6800000071525574,0.6800000071525574,676100
2021-07-19,0.6600000262260437,0.7099999785423279,0.6399999856948853,0.7099999785423279,0.7099999785423279,1197500
2021-07-20,0.7099999785423279,0.7200000286102295,0.6800000071525574,0.7120000123977661,0.7120000123977661,500700
2021-07-21,0.722000002861023,0.746999979019165,0.7009999752044678,0.7400000095367432,0.7400000095367432,600300
2021-07-22,0.746999979019165,0.746999979019165,0.699999988079071,0.7080000042915344,0.7080000042915344,1310200
2021-07-23,0.5460000038146973,0.5699999928474426,0.5379999876022339,0.5690000057220459,0.5690000057220459,6995700
2021-07-26,0.5989999771118164,0.6370000243186951,0.5550000071525574,0.5799999833106995,0.5799999833106995,12939500
2021-07-27,0.5690000057220459,0.5799999833106995,0.5400000214576721,0.5550000071525574,0.5550000071525574,2585900
2021-07-28,0.550000011920929,0.5690000057220459,0.550000011920929,0.5659999847412109,0.5659999847412109,1794400
2021-07-29,0.5619999766349792,0.5619999766349792,0.5419999957084656,0.5580000281333923,0.5580000281333923,1941300
2021-07-30,0.550000011920929,0.5590000152587891,0.5410000085830688,0.5440000295639038,0.5440000295639038,985900
2021-08-02,0.5410000085830688,0.5690000057220459,0.5400000214576721,0.5600000023841858,0.5600000023841858,1687000
2021-08-03,0.5519999861717224,0.5680000185966492,0.546999990940094,0.5550000071525574,0.5550000071525574,980900
2021-08-04,0.5649999976158142,0.6439999938011169,0.5559999942779541,0.578000009059906,0.578000009059906,625620000
2021-08-05,0.5799999833106995,0.6000000238418579,0.5690000057220459,0.5849999785423279,0.5849999785423279,85520000
2021-08-06,0.5879999995231628,0.5960000157356262,0.574999988079071,0.5860000252723694,0.5860000252723694,66480000
